1ao7	
CYS	ALA	SER	ARG	PRO	GLY	LEU	ALA	GLY	GLY	ARG	PRO	GLU	GLN	TYR	PHE	
0	3.80357	7.21302	10.882	14.0717	15.5797	19.2157	18.9483	19.143	20.5901	18.177	16.4189	13.9045	10.2091	8.40565	5.72095	
3.80357	0	3.8137	7.25254	10.6542	12.3845	16.0954	15.8103	15.6283	16.8624	14.3934	12.6449	10.2001	6.5146	5.21186	4.10367	
7.21302	3.8137	0	3.8332	6.8885	8.8229	12.4365	11.9972	11.9438	13.4964	11.4424	10.1512	8.43673	5.32278	5.31769	6.68276	
10.882	7.25254	3.8332	0	3.8549	5.81072	9.41674	9.24926	8.6236	9.80799	8.03705	6.74323	6.17312	4.54968	6.61459	9.33679	
14.0717	10.6542	6.8885	3.8549	0	3.80891	6.42831	5.45835	5.18199	7.4324	6.91482	7.25933	8.03362	7.88475	9.65674	12.6755	
15.5797	12.3845	8.8229	5.81072	3.80891	0	3.82295	5.37072	6.22612	8.03719	8.77701	8.24595	10.1534	9.93231	12.3993	15.0615	
19.2157	16.0954	12.4365	9.41674	6.42831	3.82295	0	3.82234	5.72042	7.78059	10.0224	10.4454	13.0068	13.4355	15.8561	18.6998	
18.9483	15.8103	11.9972	9.24926	5.45835	5.37072	3.82234	0	3.78419	7.26952	9.17007	10.7814	12.6706	13.2464	14.9641	17.9927	
19.143	15.6283	11.9438	8.6236	5.18199	6.22612	5.72042	3.78419	0	3.77076	5.66189	8.02656	10.1341	11.6572	13.63	17.0871	
20.5901	16.8624	13.4964	9.80799	7.4324	8.03719	7.78059	7.26952	3.77076	0	3.80926	6.25171	9.17443	11.6809	14.2069	17.8447	
18.177	14.3934	11.4424	8.03705	6.91482	8.77701	10.0224	9.17007	5.66189	3.80926	0	3.88332	5.72947	8.68047	11.0053	14.7301	
16.4189	12.6449	10.1512	6.74323	7.25933	8.24595	10.4454	10.7814	8.02656	6.25171	3.88332	0	3.86201	6.5519	9.82052	13.2073	
13.9045	10.2001	8.43673	6.17312	8.03362	10.1534	13.0068	12.6706	10.1341	9.17443	5.72947	3.86201	0	3.74626	6.42712	9.8643	
10.2091	6.5146	5.32278	4.54968	7.88475	9.93231	13.4355	13.2464	11.6572	11.6809	8.68047	6.5519	3.74626	0	3.76721	6.71137	
8.40565	5.21186	5.31769	6.61459	9.65674	12.3993	15.8561	14.9641	13.63	14.2069	11.0053	9.82052	6.42712	3.76721	0	3.77502	
5.72095	4.10367	6.68276	9.33679	12.6755	15.0615	18.6998	17.9927	17.0871	17.8447	14.7301	13.2073	9.8643	6.71137	3.77502	0	

