1bd2	
CYS	ALA	SER	SER	TYR	PRO	GLY	GLY	GLY	PHE	TYR	GLU	GLN	TYR	PHE	
0	3.8	7.09216	10.766	14.2028	16.2122	19.404	19.8729	19.7934	16.2437	15.3554	13.8236	9.98993	8.28817	5.67802	
3.8	0	3.75647	7.12508	10.7418	12.6695	16.0087	16.3302	16.0403	12.4719	11.6051	10.1691	6.37577	5.19898	4.31023	
7.09216	3.75647	0	3.82287	7.15005	9.57774	12.644	12.7998	12.9447	9.55977	9.40425	8.82013	5.72237	5.2979	6.76119	
10.766	7.12508	3.82287	0	3.8147	6.12472	9.32032	9.2233	9.12911	5.85307	6.09195	6.46349	5.01679	6.30453	9.25109	
14.2028	10.7418	7.15005	3.8147	0	3.84384	5.93579	5.70101	6.74264	4.82903	6.35328	8.33682	8.35189	9.85326	12.9864	
16.2122	12.6695	9.57774	6.12472	3.84384	0	3.8354	5.31819	5.50765	5.05496	4.86581	8.26245	9.26898	11.9114	15.03	
19.404	16.0087	12.644	9.32032	5.93579	3.8354	0	3.78168	5.90605	7.43711	8.26455	11.7554	12.992	15.3451	18.5171	
19.8729	16.3302	12.7998	9.2233	5.70101	5.31819	3.78168	0	3.80924	5.82453	8.28223	11.1203	12.7705	14.613	18.1305	
19.7934	16.0403	12.9447	9.12911	6.74264	5.50765	5.90605	3.80924	0	3.83049	5.97618	8.62236	11.2156	13.5072	17.2074	
16.2437	12.4719	9.55977	5.85307	4.82903	5.05496	7.43711	5.82453	3.83049	0	3.81186	5.4514	7.58259	9.67777	13.3939	
15.3554	11.6051	9.40425	6.09195	6.35328	4.86581	8.26455	8.28223	5.97618	3.81186	0	3.81546	6.20143	9.48782	12.7913	
13.8236	10.1691	8.82013	6.46349	8.33682	8.26245	11.7554	11.1203	8.62236	5.4514	3.81546	0	3.83627	6.84733	10.1436	
9.98993	6.37577	5.72237	5.01679	8.35189	9.26898	12.992	12.7705	11.2156	7.58259	6.20143	3.83627	0	3.78961	6.65615	
8.28817	5.19898	5.2979	6.30453	9.85326	11.9114	15.3451	14.613	13.5072	9.67777	9.48782	6.84733	3.78961	0	3.82572	
5.67802	4.31023	6.76119	9.25109	12.9864	15.03	18.5171	18.1305	17.2074	13.3939	12.7913	10.1436	6.65615	3.82572	0	

