1bd2	
CYS	ALA	ALA	MET	GLU	GLY	ALA	GLN	LYS	LEU	VAL	PHE	
0	3.81111	7.20105	10.6948	13.9504	16.1807	15.9348	16.738	13.9759	10.3023	8.53672	5.94689	
3.81111	0	3.79973	6.96917	10.2906	12.4699	12.3071	13.0318	10.2508	6.69206	5.41176	4.38553	
7.20105	3.79973	0	3.82025	6.8927	9.21117	9.84061	11.0475	8.42881	5.87326	5.4412	6.81404	
10.6948	6.96917	3.82025	0	3.79454	5.52908	6.31772	7.53608	5.39915	4.49272	6.08064	8.8919	
13.9504	10.2906	6.8927	3.79454	0	3.80505	6.6397	7.31821	5.51711	6.78906	8.00179	11.4659	
16.1807	12.4699	9.21117	5.52908	3.80505	0	3.82265	5.62195	6.09733	8.25593	10.7155	14.0401	
15.9348	12.3071	9.84061	6.31772	6.6397	3.82265	0	3.81363	5.81191	7.61681	11.0128	13.8854	
16.738	13.0318	11.0475	7.53608	7.31821	5.62195	3.81363	0	3.79765	6.84957	10.2631	13.3705	
13.9759	10.2508	8.42881	5.39915	5.51711	6.09733	5.81191	3.79765	0	3.81115	6.65807	10.034	
10.3023	6.69206	5.87326	4.49272	6.78906	8.25593	7.61681	6.84957	3.81115	0	3.79517	6.54702	
8.53672	5.41176	5.4412	6.08064	8.00179	10.7155	11.0128	10.2631	6.65807	3.79517	0	3.77759	
5.94689	4.38553	6.81404	8.8919	11.4659	14.0401	13.8854	13.3705	10.034	6.54702	3.77759	0	

