1fyt	
CYS	ALA	VAL	SER	GLU	SER	PRO	PHE	GLY	ASN	GLU	LYS	LEU	THR	PHE	
0	3.80371	7.06915	10.4877	14.1228	15.083	15.6782	15.1293	12.4669	15.48	15.7697	13.7024	9.89509	8.50822	5.78519	
3.80371	0	3.76914	6.8298	10.5698	11.6013	12.7364	12.3354	9.35093	12.2235	12.1163	10.0482	6.29663	5.39039	4.23063	
7.06915	3.76914	0	3.7983	7.19703	8.98033	10.3823	10.9877	8.38203	11.3254	10.5535	8.82955	5.83468	5.29457	6.54055	
10.4877	6.8298	3.7983	0	3.80418	5.47874	7.77843	8.63857	6.15557	8.52905	7.25617	6.33161	4.88751	6.27977	8.91661	
14.1228	10.5698	7.19703	3.80418	0	3.78983	6.5269	8.65183	7.47802	9.03922	7.20591	7.58074	7.90412	9.47262	12.5413	
15.083	11.6013	8.98033	5.47874	3.78983	0	3.81035	5.26035	5.01571	6.18479	5.64643	7.72462	8.49633	11.224	13.9219	
15.6782	12.7364	10.3823	7.77843	6.5269	3.81035	0	3.80868	5.94225	7.97184	8.91976	11.1611	11.2011	13.7984	15.873	
15.1293	12.3354	10.9877	8.63857	8.65183	5.26035	3.80868	0	3.80114	5.54583	8.02263	10.515	10.4713	13.6446	15.2739	
12.4669	9.35093	8.38203	6.15557	7.47802	5.01571	5.94225	3.80114	0	3.81964	5.7864	7.29143	6.79652	10.1317	11.7691	
15.48	12.2235	11.3254	8.52905	9.03922	6.18479	7.97184	5.54583	3.81964	0	3.82441	6.61802	7.89004	11.6474	13.6949	
15.7697	12.1163	10.5535	7.25617	7.20591	5.64643	8.91976	8.02263	5.7864	3.82441	0	3.79806	6.56799	9.99853	12.8838	
13.7024	10.0482	8.82955	6.33161	7.58074	7.72462	11.1611	10.515	7.29143	6.61802	3.79806	0	3.81681	6.71367	9.82513	
9.89509	6.29663	5.83468	4.88751	7.90412	8.49633	11.2011	10.4713	6.79652	7.89004	6.56799	3.81681	0	3.78282	6.31956	
8.50822	5.39039	5.29457	6.27977	9.47262	11.224	13.7984	13.6446	10.1317	11.6474	9.99853	6.71367	3.78282	0	3.80775	
5.78519	4.23063	6.54055	8.91661	12.5413	13.9219	15.873	15.2739	11.7691	13.6949	12.8838	9.82513	6.31956	3.80775	0	

