1fyt	
CYS	ALA	SER	SER	SER	THR	GLY	LEU	PRO	TYR	GLY	TYR	THR	PHE	
0	3.77648	6.93667	10.5206	13.9485	16.5307	18.9814	17.8991	19.5904	16.5179	13.1258	9.5163	8.53822	5.99604	
3.77648	0	3.76095	6.9563	10.5461	13.1236	15.4792	14.2061	15.8164	12.7886	9.43571	5.93691	5.53394	4.54387	
6.93667	3.76095	0	3.78142	7.14375	10.1812	12.1832	11.2189	13.4799	11.0384	8.26514	5.77796	5.67917	6.91277	
10.5206	6.9563	3.78142	0	3.76921	6.8231	8.58456	7.50307	9.90204	7.95896	5.86127	5.27944	6.53048	9.21966	
13.9485	10.5461	7.14375	3.76921	0	3.78913	5.08721	5.34455	8.629	8.2241	7.50173	8.49046	10.0473	12.9707	
16.5307	13.1236	10.1812	6.8231	3.78913	0	3.7788	5.55178	8.0685	8.67135	8.4223	10.4149	12.8602	15.7103	
18.9814	15.4792	12.1832	8.58456	5.08721	3.7788	0	3.78433	6.88591	8.77819	9.93978	12.3327	14.1656	17.4786	
17.8991	14.2061	11.2189	7.50307	5.34455	5.55178	3.78433	0	3.88386	5.41568	7.36978	10.0911	11.693	15.293	
19.5904	15.8164	13.4799	9.90204	8.629	8.0685	6.88591	3.88386	0	3.78515	7.11425	10.6214	12.5957	16.1792	
16.5179	12.7886	11.0384	7.95896	8.2241	8.67135	8.77819	5.41568	3.78515	0	3.7728	7.1955	9.23754	12.6883	
13.1258	9.43571	8.26514	5.86127	7.50173	8.4223	9.93978	7.36978	7.11425	3.7728	0	3.77313	6.79503	9.76827	
9.5163	5.93691	5.77796	5.27944	8.49046	10.4149	12.3327	10.0911	10.6214	7.1955	3.77313	0	3.77752	6.12458	
8.53822	5.53394	5.67917	6.53048	10.0473	12.8602	14.1656	11.693	12.5957	9.23754	6.79503	3.77752	0	3.79218	
5.99604	4.54387	6.91277	9.21966	12.9707	15.7103	17.4786	15.293	16.1792	12.6883	9.76827	6.12458	3.79218	0	

