1j8h	
CYS	ALA	VAL	SER	GLU	SER	PRO	PHE	GLY	ASN	GLU	LYS	LEU	THR	PHE	
0	3.81242	7.12017	10.55	14.1833	15.3157	15.5894	15.0688	12.4045	15.4573	15.6553	13.6611	9.88243	8.57974	5.934	
3.81242	0	3.7882	6.89115	10.6196	11.8311	12.6634	12.2957	9.29703	12.2518	12.0318	10.0339	6.25488	5.40254	4.32027	
7.12017	3.7882	0	3.79968	7.16136	9.0305	10.2089	10.8418	8.20241	11.2912	10.4835	8.90315	5.68715	5.30049	6.67218	
10.55	6.89115	3.79968	0	3.81085	5.47498	7.58103	8.4699	5.96545	8.53686	7.2671	6.54346	4.76834	6.30759	9.03213	
14.1833	10.6196	7.16136	3.81085	0	3.81273	6.69704	8.84752	7.59688	9.32416	7.49458	7.89597	7.78667	9.35044	12.5566	
15.3157	11.8311	9.0305	5.47498	3.81273	0	3.86248	5.54257	5.35793	6.57508	5.95098	8.0676	8.5443	11.2771	14.1236	
15.5894	12.6634	10.2089	7.58103	6.69704	3.86248	0	3.81279	5.8775	7.90338	8.93041	11.2376	10.9459	13.6412	15.8145	
15.0688	12.2957	10.8418	8.4699	8.84752	5.54257	3.81279	0	3.78597	5.35455	7.87413	10.4548	10.239	13.5029	15.2083	
12.4045	9.29703	8.20241	5.96545	7.59688	5.35793	5.8775	3.78597	0	3.79423	5.60225	7.18935	6.56585	9.97193	11.6802	
15.4573	12.2518	11.2912	8.53686	9.32416	6.57508	7.90338	5.35455	3.79423	0	3.80742	6.6959	7.90456	11.6745	13.6977	
15.6553	12.0318	10.4835	7.2671	7.49458	5.95098	8.93041	7.87413	5.60225	3.80742	0	3.80667	6.41704	9.88116	12.7232	
13.6611	10.0339	8.90315	6.54346	7.89597	8.0676	11.2376	10.4548	7.18935	6.6959	3.80667	0	3.7881	6.66074	9.67611	
9.88243	6.25488	5.68715	4.76834	7.78667	8.5443	10.9459	10.239	6.56585	7.90456	6.41704	3.7881	0	3.77985	6.3375	
8.57974	5.40254	5.30049	6.30759	9.35044	11.2771	13.6412	13.5029	9.97193	11.6745	9.88116	6.66074	3.77985	0	3.85229	
5.934	4.32027	6.67218	9.03213	12.5566	14.1236	15.8145	15.2083	11.6802	13.6977	12.7232	9.67611	6.3375	3.85229	0	

