1mi5	
CYS	ALA	SER	SER	LEU	GLY	GLN	ALA	TYR	GLU	GLN	TYR	PHE	
0	3.78145	6.93304	10.4883	14.1771	14.7206	13.7077	15.5029	14.7724	12.9248	9.15743	8.10931	5.39571	
3.78145	0	3.79164	6.91598	10.6944	11.3793	10.6718	12.1605	11.0757	9.27711	5.54176	5.07692	4.10277	
6.93304	3.79164	0	3.78152	7.29231	8.42721	8.75421	10.6883	9.29402	8.44588	5.50831	5.56898	6.75622	
10.4883	6.91598	3.78152	0	3.80246	5.39875	6.78687	8.09332	6.09261	6.17807	5.00783	6.41471	9.12423	
14.1771	10.6944	7.29231	3.80246	0	3.79231	7.06575	8.08351	5.99627	7.6884	8.16801	9.66845	12.7518	
14.7206	11.3793	8.42721	5.39875	3.79231	0	3.78375	5.50179	5.40744	8.32096	8.9301	11.5085	14.1548	
13.7077	10.6718	8.75421	6.78687	7.06575	3.78375	0	3.81851	5.88084	8.45307	8.58136	11.824	13.806	
15.5029	12.1605	10.6883	8.09332	8.08351	5.50179	3.81851	0	3.79791	6.7712	8.39306	12.0353	14.4463	
14.7724	11.0757	9.29402	6.09261	5.99627	5.40744	5.88084	3.79791	0	3.79707	6.35765	9.53745	12.6019	
12.9248	9.27711	8.44588	6.17807	7.6884	8.32096	8.45307	6.7712	3.79707	0	3.77332	6.61638	9.72004	
9.15743	5.54176	5.50831	5.00783	8.16801	8.9301	8.58136	8.39306	6.35765	3.77332	0	3.80729	6.29743	
8.10931	5.07692	5.56898	6.41471	9.66845	11.5085	11.824	12.0353	9.53745	6.61638	3.80729	0	3.76389	
5.39571	4.10277	6.75622	9.12423	12.7518	14.1548	13.806	14.4463	12.6019	9.72004	6.29743	3.76389	0	

