1oga	
CYS	ALA	GLY	ALA	GLY	SER	GLN	GLY	ASN	LEU	ILE	PHE	
0	3.78305	6.98711	10.5714	12.5046	16.1302	17.5071	16.4866	13.3371	9.5569	8.44135	6.00233	
3.78305	0	3.77146	7.04591	8.82642	12.5261	13.7992	12.7194	9.67242	5.89002	5.24604	4.26526	
6.98711	3.77146	0	3.77182	6.17029	9.52746	11.5463	10.7117	8.54987	5.35491	5.08962	6.61625	
10.5714	7.04591	3.77182	0	3.78072	6.62962	8.76659	7.61958	6.5448	4.97573	6.3312	9.15522	
12.5046	8.82642	6.17029	3.78072	0	3.79778	5.4207	5.56012	4.90419	4.83203	5.481	9.18441	
16.1302	12.5261	9.52746	6.62962	3.79778	0	3.81627	5.64714	7.19521	8.45519	8.94144	12.7395	
17.5071	13.7992	11.5463	8.76659	5.4207	3.81627	0	3.79492	5.90115	8.57216	9.59977	13.2187	
16.4866	12.7194	10.7117	7.61958	5.56012	5.64714	3.79492	0	3.76387	7.10344	9.57865	12.8397	
13.3371	9.67242	8.54987	6.5448	4.90419	7.19521	5.90115	3.76387	0	3.79124	6.66843	9.4389	
9.5569	5.89002	5.35491	4.97573	4.83203	8.45519	8.57216	7.10344	3.79124	0	3.82039	6.11946	
8.44135	5.24604	5.08962	6.3312	5.481	8.94144	9.59977	9.57865	6.66843	3.82039	0	3.80789	
6.00233	4.26526	6.61625	9.15522	9.18441	12.7395	13.2187	12.8397	9.4389	6.11946	3.80789	0	

