1oga	
CYS	ALA	SER	SER	SER	ARG	SER	SER	TYR	GLU	GLN	TYR	PHE	
0	3.80595	7.07636	10.6767	13.9965	15.1469	13.7807	14.7363	14.9018	13.3492	9.59522	8.57104	5.93673	
3.80595	0	3.78858	7.07909	10.5644	11.9106	10.881	11.7062	11.3436	9.67757	5.92731	5.27746	4.16849	
7.07636	3.78858	0	3.81483	6.92161	8.49185	8.26043	9.90748	9.20249	8.28038	5.26111	5.47132	6.71306	
10.6767	7.07909	3.81483	0	3.81302	5.34231	5.95742	7.43989	5.93337	5.76729	4.58229	6.38486	9.12956	
13.9965	10.5644	6.92161	3.81302	0	3.79774	6.72962	8.88808	6.96587	7.78203	7.96114	9.29317	12.391	
15.1469	11.9106	8.49185	5.34231	3.79774	0	3.79419	6.49757	5.96576	8.50132	9.22403	11.6405	14.4333	
13.7807	10.881	8.26043	5.95742	6.72962	3.79419	0	3.84898	5.54245	8.37574	8.65279	11.7264	13.8779	
14.7363	11.7062	9.90748	7.43989	8.88808	6.49757	3.84898	0	3.79286	6.85791	8.13359	11.8205	14.0135	
14.9018	11.3436	9.20249	5.93337	6.96587	5.96576	5.54245	3.79286	0	3.82657	6.37665	9.81643	12.7652	
13.3492	9.67757	8.28038	5.76729	7.78203	8.50132	8.37574	6.85791	3.82657	0	3.80334	6.82342	9.94638	
9.59522	5.92731	5.26111	4.58229	7.96114	9.22403	8.65279	8.13359	6.37665	3.80334	0	3.79529	6.41009	
8.57104	5.27746	5.47132	6.38486	9.29317	11.6405	11.7264	11.8205	9.81643	6.82342	3.79529	0	3.78944	
5.93673	4.16849	6.71306	9.12956	12.391	14.4333	13.8779	14.0135	12.7652	9.94638	6.41009	3.78944	0	

