1qrn	
CYS	ALA	SER	ARG	PRO	GLY	LEU	ALA	GLY	GLY	ARG	PRO	GLU	GLN	TYR	PHE	
0	3.80122	7.23328	10.8432	14.1048	15.4395	19.1091	18.8061	18.9143	20.4533	18.1116	16.4396	13.9696	10.2359	8.30431	5.61058	
3.80122	0	3.79356	7.15249	10.5892	12.0832	15.8072	15.5466	15.3454	16.6989	14.3619	12.662	10.3379	6.61766	5.29241	4.29409	
7.23328	3.79356	0	3.81687	6.87696	8.62811	12.2318	11.7605	11.7009	13.3993	11.4937	10.201	8.65703	5.5674	5.45573	6.8202	
10.8432	7.15249	3.81687	0	3.81408	5.59568	9.17342	9.03444	8.44986	9.77131	8.1775	6.75186	6.32368	4.67577	6.65609	9.37576	
14.1048	10.5892	6.87696	3.81408	0	3.79371	6.28776	5.31768	4.95005	7.25293	6.88955	6.91779	7.95816	7.87032	9.66244	12.7004	
15.4395	12.0832	8.62811	5.59568	3.79371	0	3.81921	5.37333	6.32488	8.14071	8.93221	7.91207	9.93885	9.7268	12.2261	14.8988	
19.1091	15.8072	12.2318	9.17342	6.28776	3.81921	0	3.81904	5.76236	7.70406	9.99472	9.87958	12.6524	13.1664	15.6573	18.5292	
18.8061	15.5466	11.7605	9.03444	5.31768	5.37333	3.81904	0	3.78613	7.20409	9.19409	10.3349	12.5054	13.1059	14.865	17.8804	
18.9143	15.3454	11.7009	8.44986	4.95005	6.32488	5.76236	3.78613	0	3.77024	5.65849	7.63878	9.94135	11.4813	13.4274	16.8781	
20.4533	16.6989	13.3993	9.77131	7.25293	8.14071	7.70406	7.20409	3.77024	0	3.79492	5.9369	8.95981	11.5445	14.0412	17.7002	
18.1116	14.3619	11.4937	8.1775	6.88955	8.93221	9.99472	9.19409	5.65849	3.79492	0	3.82536	5.64445	8.65718	10.9111	14.6565	
16.4396	12.662	10.201	6.75186	6.91779	7.91207	9.87958	10.3349	7.63878	5.9369	3.82536	0	3.82002	6.57627	9.82756	13.2853	
13.9696	10.3379	8.65703	6.32368	7.95816	9.93885	12.6524	12.5054	9.94135	8.95981	5.64445	3.82002	0	3.78922	6.54642	10.0114	
10.2359	6.61766	5.5674	4.67577	7.87032	9.7268	13.1664	13.1059	11.4813	11.5445	8.65718	6.57627	3.78922	0	3.79861	6.79259	
8.30431	5.29241	5.45573	6.65609	9.66244	12.2261	15.6573	14.865	13.4274	14.0412	10.9111	9.82756	6.54642	3.79861	0	3.76997	
5.61058	4.29409	6.8202	9.37576	12.7004	14.8988	18.5292	17.8804	16.8781	17.7002	14.6565	13.2853	10.0114	6.79259	3.76997	0	

