1qrn	
CYS	ALA	VAL	THR	THR	ASP	SER	TRP	GLY	LYS	LEU	GLN	PHE	
0	3.80938	6.94298	10.5981	14.1631	16.3163	17.4317	18.4325	15.7217	13.5937	9.99993	8.15129	5.47082	
3.80938	0	3.7851	7.05385	10.7863	12.6934	13.7195	14.6234	11.9702	10.0065	6.3905	5.31282	4.23627	
6.94298	3.7851	0	3.7873	7.22193	9.60453	11.409	12.4409	9.57588	8.63546	5.86259	5.3498	6.69283	
10.5981	7.05385	3.7873	0	3.82173	6.00999	8.15459	8.95512	6.091	6.31691	5.09116	6.24361	9.07884	
14.1631	10.7863	7.22193	3.82173	0	3.79209	7.2908	8.02517	5.58104	7.76382	8.20232	9.4583	12.675	
16.3163	12.6934	9.60453	6.00999	3.79209	0	3.79772	5.3639	4.89914	8.1124	9.09967	11.5614	14.7058	
17.4317	13.7195	11.409	8.15459	7.2908	3.79772	0	3.80365	5.67846	8.42855	9.46478	12.7771	15.6066	
18.4325	14.6234	12.4409	8.95512	8.02517	5.3639	3.80365	0	3.7759	6.6304	9.08752	12.2713	15.5084	
15.7217	11.9702	9.57588	6.091	5.58104	4.89914	5.67846	3.7759	0	3.81017	6.47244	9.01152	12.5516	
13.5937	10.0065	8.63546	6.31691	7.76382	8.1124	8.42855	6.6304	3.81017	0	3.78968	6.18847	9.56469	
9.99993	6.3905	5.86259	5.09116	8.20232	9.09967	9.46478	9.08752	6.47244	3.78968	0	3.80967	6.44992	
8.15129	5.31282	5.3498	6.24361	9.4583	11.5614	12.7771	12.2713	9.01152	6.18847	3.80967	0	3.83278	
5.47082	4.23627	6.69283	9.07884	12.675	14.7058	15.6066	15.5084	12.5516	9.56469	6.44992	3.83278	0	

