1qse	
CYS	ALA	VAL	THR	THR	ASP	SER	TRP	GLY	LYS	LEU	GLN	PHE	
0	3.80584	6.94418	10.6201	14.1807	16.4248	17.5965	18.4025	15.7371	13.4709	9.91488	7.93743	5.13311	
3.80584	0	3.77811	7.06281	10.781	12.7754	13.8669	14.5997	11.9957	9.90169	6.3403	5.13092	4.09521	
6.94418	3.77811	0	3.815	7.23832	9.75885	11.6376	12.4772	9.60086	8.49768	5.89695	5.27212	6.59217	
10.6201	7.06281	3.815	0	3.80233	6.04861	8.23599	8.98025	6.1702	6.30826	5.28256	6.45738	9.22709	
14.1807	10.781	7.23832	3.80233	0	3.80417	7.31502	8.0921	5.66206	7.77951	8.38657	9.7116	12.8212	
16.4248	12.7754	9.75885	6.04861	3.80417	0	3.79803	5.36194	4.88373	8.03562	9.22893	11.7204	14.8762	
17.5965	13.8669	11.6376	8.23599	7.31502	3.79803	0	3.76116	5.6963	8.37284	9.5798	12.8865	15.8275	
18.4025	14.5997	12.4772	8.98025	8.0921	5.36194	3.76116	0	3.76396	6.53614	9.09421	12.2718	15.6211	
15.7371	11.9957	9.60086	6.1702	5.66206	4.88373	5.6963	3.76396	0	3.79908	6.62519	9.1395	12.7483	
13.4709	9.90169	8.49768	6.30826	7.77951	8.03562	8.37284	6.53614	3.79908	0	3.80858	6.19583	9.71642	
9.91488	6.3403	5.89695	5.28256	8.38657	9.22893	9.5798	9.09421	6.62519	3.80858	0	3.76992	6.57511	
7.93743	5.13092	5.27212	6.45738	9.7116	11.7204	12.8865	12.2718	9.1395	6.19583	3.76992	0	3.8106	
5.13311	4.09521	6.59217	9.22709	12.8212	14.8762	15.8275	15.6211	12.7483	9.71642	6.57511	3.8106	0	

