1qse	
CYS	ALA	SER	ARG	PRO	GLY	LEU	ALA	GLY	GLY	ARG	PRO	GLU	GLN	TYR	PHE	
0	3.79647	6.99739	10.3911	13.9087	15.3013	18.7989	18.7201	19.8571	18.6624	18.6549	16.5804	13.6506	9.97124	8.35387	5.75149	
3.79647	0	3.76577	6.75379	10.3926	11.9385	15.5338	15.4842	16.4289	15.0871	14.9374	12.787	9.9494	6.31631	5.35809	4.44709	
6.99739	3.76577	0	3.7904	6.9563	8.88659	12.2253	11.8261	12.8877	11.9647	12.4643	10.5883	8.4639	5.70894	5.67105	6.92997	
10.3911	6.75379	3.7904	0	3.80873	5.6401	9.14769	9.15042	10.1038	9.15404	9.39526	7.11344	5.91874	4.55242	6.63534	9.24199	
13.9087	10.3926	6.9563	3.80873	0	3.81329	6.19918	5.48855	6.39861	6.25151	7.56546	6.14727	6.84048	7.45313	9.49998	12.5849	
15.3013	11.9385	8.88659	5.6401	3.81329	0	3.82248	5.69032	7.98528	8.7934	9.63885	7.27176	8.86757	9.29806	12.1133	14.8344	
18.7989	15.5338	12.2253	9.14769	6.19918	3.82248	0	3.83347	6.8235	9.06501	10.6765	9.26617	11.7449	12.8304	15.4884	18.3837	
18.7201	15.4842	11.8261	9.15042	5.48855	5.69032	3.83347	0	3.81369	6.85111	9.62975	9.47419	11.5917	12.8934	14.8087	17.8856	
19.8571	16.4289	12.8877	10.1038	6.39861	7.98528	6.8235	3.81369	0	3.78982	7.13794	8.44912	10.6977	12.8545	14.4784	17.9385	
18.6624	15.0871	11.9647	9.15404	6.25151	8.7934	9.06501	6.85111	3.78982	0	3.76583	6.11124	7.90044	10.6249	12.0778	15.7665	
18.6549	14.9374	12.4643	9.39526	7.56546	9.63885	10.6765	9.62975	7.13794	3.76583	0	3.81764	5.80497	9.34952	11.2764	15.0539	
16.5804	12.787	10.5883	7.11344	6.14727	7.27176	9.26617	9.47419	8.44912	6.11124	3.81764	0	3.7855	7.00666	9.97024	13.5225	
13.6506	9.9494	8.4639	5.91874	6.84048	8.86757	11.7449	11.5917	10.6977	7.90044	5.80497	3.7855	0	3.77878	6.41559	9.9538	
9.97124	6.31631	5.70894	4.55242	7.45313	9.29806	12.8304	12.8934	12.8545	10.6249	9.34952	7.00666	3.77878	0	3.80446	6.73039	
8.35387	5.35809	5.67105	6.63534	9.49998	12.1133	15.4884	14.8087	14.4784	12.0778	11.2764	9.97024	6.41559	3.80446	0	3.78732	
5.75149	4.44709	6.92997	9.24199	12.5849	14.8344	18.3837	17.8856	17.9385	15.7665	15.0539	13.5225	9.9538	6.73039	3.78732	0	

