1qsf	
CYS	ALA	VAL	THR	THR	ASP	SER	TRP	GLY	LYS	LEU	GLN	PHE	
0	3.79629	6.96467	10.5866	14.1621	16.2985	17.2586	18.0765	15.42	13.3869	9.80246	7.84857	5.29839	
3.79629	0	3.82332	7.02965	10.745	12.6468	13.5408	14.2847	11.6925	9.86502	6.24457	5.09588	4.40039	
6.96467	3.82332	0	3.80059	7.204	9.65627	11.4089	12.1997	9.31283	8.52792	5.78245	5.14435	6.74324	
10.5866	7.02965	3.80059	0	3.7957	6.05768	8.15664	8.68751	5.79425	6.20737	5.00339	6.16707	9.18707	
14.1621	10.745	7.204	3.7957	0	3.78162	7.27152	7.7598	5.3163	7.71178	8.13757	9.48264	12.782	
16.2985	12.6468	9.65627	6.05768	3.78162	0	3.83181	5.19245	4.83217	8.15937	9.09013	11.6049	14.8957	
17.2586	13.5408	11.4089	8.15664	7.27152	3.83181	0	3.80836	5.77708	8.48222	9.38733	12.7269	15.7505	
18.0765	14.2847	12.1997	8.68751	7.7598	5.19245	3.80836	0	3.75741	6.5051	8.8654	12.0796	15.4617	
15.42	11.6925	9.31283	5.79425	5.3163	4.83217	5.77708	3.75741	0	3.80864	6.34624	8.90466	12.5324	
13.3869	9.86502	8.52792	6.20737	7.71178	8.15937	8.48222	6.5051	3.80864	0	3.79076	6.19026	9.64095	
9.80246	6.24457	5.78245	5.00339	8.13757	9.09013	9.38733	8.8654	6.34624	3.79076	0	3.77604	6.64445	
7.84857	5.09588	5.14435	6.16707	9.48264	11.6049	12.7269	12.0796	8.90466	6.19026	3.77604	0	3.7822	
5.29839	4.40039	6.74324	9.18707	12.782	14.8957	15.7505	15.4617	12.5324	9.64095	6.64445	3.7822	0	

