1qsf	
CYS	ALA	SER	ARG	PRO	GLY	LEU	ALA	GLY	GLY	ARG	PRO	GLU	GLN	TYR	PHE	
0	3.80988	7.03473	10.5908	13.9228	15.3416	18.9127	18.6605	19.9732	19.5206	18.1694	16.6796	14.1972	10.4464	8.64103	5.97337	
3.80988	0	3.75409	7.02622	10.5389	12.143	15.8099	15.5406	16.4794	15.8831	14.4152	12.8763	10.4554	6.73002	5.45689	4.27316	
7.03473	3.75409	0	3.73193	6.9055	8.80543	12.3276	11.8134	12.9387	12.6809	11.8314	10.4778	8.81948	5.76184	5.6534	6.7579	
10.5908	7.02622	3.73193	0	3.75236	5.63072	9.1938	8.91938	9.55817	9.49615	8.8257	7.14625	6.56273	4.87394	6.76868	9.26375	
13.9228	10.5389	6.9055	3.75236	0	3.81942	6.33328	5.24934	6.1043	6.8387	7.64697	6.81857	7.79986	7.79398	9.69098	12.5942	
15.3416	12.143	8.80543	5.63072	3.81942	0	3.79431	5.36403	6.7029	8.77826	9.71272	7.69722	9.69424	9.64823	12.2781	14.8407	
18.9127	15.8099	12.3276	9.1938	6.33328	3.79431	0	3.84703	5.59853	8.95654	11.0404	9.70203	12.4721	13.1181	15.7129	18.4574	
18.6605	15.5406	11.8134	8.91938	5.24934	5.36403	3.84703	0	3.79501	6.94561	9.80606	9.78188	12.0515	12.8853	14.8092	17.7573	
19.9732	16.4794	12.9387	9.55817	6.1043	6.7029	5.59853	3.79501	0	3.78779	6.9649	7.58355	10.3883	12.3035	14.5571	17.9593	
19.5206	15.8831	12.6809	9.49615	6.8387	8.77826	8.95654	6.94561	3.78779	0	3.8004	6.13996	8.2547	10.8659	12.7954	16.4589	
18.1694	14.4152	11.8314	8.8257	7.64697	9.71272	11.0404	9.80606	6.9649	3.8004	0	3.82368	5.09912	8.43322	10.5534	14.3024	
16.6796	12.8763	10.4778	7.14625	6.81857	7.69722	9.70203	9.78188	7.58355	6.13996	3.82368	0	3.83051	6.72223	9.91885	13.3822	
14.1972	10.4554	8.81948	6.56273	7.79986	9.69424	12.4721	12.0515	10.3883	8.2547	5.09912	3.83051	0	3.80916	6.5508	10.0522	
10.4464	6.73002	5.76184	4.87394	7.79398	9.64823	13.1181	12.8853	12.3035	10.8659	8.43322	6.72223	3.80916	0	3.76462	6.7516	
8.64103	5.45689	5.6534	6.76868	9.69098	12.2781	15.7129	14.8092	14.5571	12.7954	10.5534	9.91885	6.5508	3.76462	0	3.7629	
5.97337	4.27316	6.7579	9.26375	12.5942	14.8407	18.4574	17.7573	17.9593	16.4589	14.3024	13.3822	10.0522	6.7516	3.7629	0	

