1ymm	
CYS	ALA	THR	ASP	THR	THR	SER	GLY	THR	TYR	LYS	TYR	ILE	PHE	
0	3.80666	6.79929	10.4979	12.9439	15.9499	19.4046	18.1441	17.763	15.4501	13.3951	9.58935	8.42648	5.32987	
3.80666	0	3.78911	7.1011	9.88221	13.0593	16.2594	14.6789	14.0304	11.717	9.59627	5.80035	5.30143	3.72154	
6.79929	3.78911	0	3.78809	6.33677	9.3148	12.6441	11.4593	11.4084	9.51764	8.1127	5.02706	5.68124	6.28842	
10.4979	7.1011	3.78809	0	3.77824	6.4058	9.28063	7.94561	7.8255	6.19725	5.75065	4.52872	6.80706	9.04209	
12.9439	9.88221	6.33677	3.77824	0	3.8228	6.73187	5.76007	7.38388	7.65197	7.41095	7.3088	8.47002	11.0779	
15.9499	13.0593	9.3148	6.4058	3.8228	0	3.78077	5.13599	7.76666	8.59925	9.86614	10.4865	12.2056	14.7256	
19.4046	16.2594	12.6441	9.28063	6.73187	3.78077	0	3.76208	6.95186	9.0684	10.9687	12.7069	14.6431	17.6385	
18.1441	14.6789	11.4593	7.94561	5.76007	5.13599	3.76208	0	3.78524	6.68947	7.90854	10.2459	12.1064	15.509	
17.763	14.0304	11.4084	7.8255	7.38388	7.76666	6.95186	3.78524	0	3.792	5.45403	8.73162	11.2629	14.8117	
15.4501	11.717	9.51764	6.19725	7.65197	8.59925	9.0684	6.68947	3.792	0	3.82356	6.55917	9.9586	13.0568	
13.3951	9.59627	8.1127	5.75065	7.41095	9.86614	10.9687	7.90854	5.45403	3.82356	0	3.81538	6.62652	10.0268	
9.58935	5.80035	5.02706	4.52872	7.3088	10.4865	12.7069	10.2459	8.73162	6.55917	3.81538	0	3.8085	6.52217	
8.42648	5.30143	5.68124	6.80706	8.47002	12.2056	14.6431	12.1064	11.2629	9.9586	6.62652	3.8085	0	3.81614	
5.32987	3.72154	6.28842	9.04209	11.0779	14.7256	17.6385	15.509	14.8117	13.0568	10.0268	6.52217	3.81614	0	

