1ymm	
CYS	SER	ALA	ARG	ASP	LEU	THR	SER	GLY	ALA	ASN	ASN	GLU	GLN	PHE	PHE	
0	3.8069	6.92952	10.3288	13.1237	15.4102	18.2993	17.5069	19.5016	20.3291	18.6093	15.1379	13.3899	9.60381	8.14434	5.28271	
3.8069	0	3.80889	6.77655	9.60845	12.1688	14.7849	13.7569	15.8786	16.7106	14.9374	11.5159	9.60336	5.83007	4.98093	3.80402	
6.92952	3.80889	0	3.81716	6.32735	8.5168	11.4024	11.0192	13.0812	14.605	13.4381	9.97442	8.10016	5.04246	5.45424	6.61273	
10.3288	6.77655	3.81716	0	3.79554	5.82089	8.27923	7.44976	9.29859	10.8372	9.96823	6.56372	5.25074	3.95157	6.60534	9.10528	
13.1237	9.60845	6.32735	3.79554	0	3.76811	5.32338	5.43819	8.1643	10.5715	9.94635	7.58566	5.55326	5.95653	7.79234	11.0862	
15.4102	12.1688	8.5168	5.82089	3.76811	0	3.76716	5.81705	6.92423	10.19	10.932	8.79893	8.26525	9.11686	11.3407	14.316	
18.2993	14.7849	11.4024	8.27923	5.32338	3.76716	0	3.8142	5.2139	8.71691	9.63589	8.8487	8.38883	10.5491	12.8501	16.3233	
17.5069	13.7569	11.0192	7.44976	5.43819	5.81705	3.8142	0	3.79643	5.97256	5.94467	5.6244	5.44806	8.56497	11.3873	14.9615	
19.5016	15.8786	13.0812	9.29859	8.1643	6.92423	5.2139	3.79643	0	3.79059	6.16413	6.28661	8.0895	11.0652	14.3783	17.6569	
20.3291	16.7106	14.605	10.8372	10.5715	10.19	8.71691	5.97256	3.79059	0	3.78989	5.43254	8.33135	11.6028	15.1674	18.2494	
18.6093	14.9374	13.4381	9.96823	9.94635	10.932	9.63589	5.94467	6.16413	3.78989	0	3.78004	5.94621	9.42984	12.7568	15.8298	
15.1379	11.5159	9.97442	6.56372	7.58566	8.79893	8.8487	5.6244	6.28661	5.43254	3.78004	0	3.81346	6.43657	10.1417	12.9462	
13.3899	9.60336	8.10016	5.25074	5.55326	8.26525	8.38883	5.44806	8.0895	8.33135	5.94621	3.81346	0	3.81051	6.93822	10.2775	
9.60381	5.83007	5.04246	3.95157	5.95653	9.11686	10.5491	8.56497	11.0652	11.6028	9.42984	6.43657	3.81051	0	3.8187	6.68451	
8.14434	4.98093	5.45424	6.60534	7.79234	11.3407	12.8501	11.3873	14.3783	15.1674	12.7568	10.1417	6.93822	3.8187	0	3.83849	
5.28271	3.80402	6.61273	9.10528	11.0862	14.316	16.3233	14.9615	17.6569	18.2494	15.8298	12.9462	10.2775	6.68451	3.83849	0	

