1zgl	
CYS	ALA	SER	SER	LEU	ALA	ASP	ARG	VAL	ASN	THR	GLU	ALA	PHE	PHE	
0	3.80246	6.88894	10.56	13.9522	14.3843	17.7369	18.4901	20.046	17.7004	13.9217	12.7896	9.09361	8.30809	5.70085	
3.80246	0	3.80121	7.09853	10.7194	11.2198	14.2961	14.8783	16.6484	14.4312	10.6138	9.11952	5.40888	5.0455	4.10552	
6.88894	3.80121	0	3.78717	7.12876	8.2648	11.3065	12.5963	14.9264	13.5061	9.86002	8.25687	5.33307	5.28534	6.57912	
10.56	7.09853	3.78717	0	3.76451	5.2921	7.71715	9.17338	11.9576	11.2126	8.05708	6.3843	5.29525	6.35283	9.19531	
13.9522	10.7194	7.12876	3.76451	0	3.81834	5.26367	8.02128	11.2277	11.725	9.50765	8.50518	8.71796	9.85155	12.8663	
14.3843	11.2198	8.2648	5.2921	3.81834	0	3.86086	6.24451	8.50959	9.07732	7.27264	7.88724	8.82592	11.2274	13.9997	
17.7369	14.2961	11.3065	7.71715	5.26367	3.86086	0	3.78754	6.81119	8.71155	8.29373	8.70328	10.8415	13.1425	16.4504	
18.4901	14.8783	12.5963	9.17338	8.02128	6.24451	3.78754	0	3.79302	5.68188	6.43569	7.22182	10.4171	13.1943	16.5836	
20.046	16.6484	14.9264	11.9576	11.2277	8.50959	6.81119	3.79302	0	3.8125	6.57717	8.87434	12.2296	15.5363	18.573	
17.7004	14.4312	13.5061	11.2126	11.725	9.07732	8.71155	5.68188	3.8125	0	3.81763	6.69165	9.92663	13.4919	16.1399	
13.9217	10.6138	9.86002	8.05708	9.50765	7.27264	8.29373	6.43569	6.57717	3.81763	0	3.79418	6.3011	10.0039	12.4762	
12.7896	9.11952	8.25687	6.3843	8.50518	7.88724	8.70328	7.22182	8.87434	6.69165	3.79418	0	3.82119	6.92832	9.99453	
9.09361	5.40888	5.33307	5.29525	8.71796	8.82592	10.8415	10.4171	12.2296	9.92663	6.3011	3.82119	0	3.78872	6.34639	
8.30809	5.0455	5.28534	6.35283	9.85155	11.2274	13.1425	13.1943	15.5363	13.4919	10.0039	6.92832	3.78872	0	3.83515	
5.70085	4.10552	6.57912	9.19531	12.8663	13.9997	16.4504	16.5836	18.573	16.1399	12.4762	9.99453	6.34639	3.83515	0	

