1zgl	
CYS	ALA	LEU	SER	GLY	GLY	ASP	SER	SER	TYR	LYS	LEU	ILE	PHE	
0	3.76751	7.18971	10.7463	14.2606	14.8871	17.3334	16.2318	16.7819	17.1347	13.7606	10.0044	8.51036	5.98	
3.76751	0	3.77136	7.06325	10.6854	11.4975	13.9402	12.7112	13.0482	13.5187	10.297	6.50984	5.48416	4.56498	
7.18971	3.77136	0	3.78028	7.08288	8.04329	10.9499	10.3122	10.4909	11.6548	9.15446	5.82128	5.55266	6.99701	
10.7463	7.06325	3.78028	0	3.76839	5.69683	8.50672	7.70182	7.06554	8.46863	6.87928	4.93196	6.31873	9.17223	
14.2606	10.6854	7.08288	3.76839	0	3.78143	6.8166	7.23221	6.18789	8.56345	8.58773	8.0599	9.46637	12.7032	
14.8871	11.4975	8.04329	5.69683	3.78143	0	3.81108	5.72645	6.76461	10.1581	9.92224	9.24324	9.27305	12.7078	
17.3334	13.9402	10.9499	8.50672	6.8166	3.81108	0	3.79323	6.21544	10.0028	10.272	10.5555	10.3305	14.0044	
16.2318	12.7112	10.3122	7.70182	7.23221	5.72645	3.79323	0	3.79433	7.04938	7.00102	7.98701	8.2586	12.0369	
16.7819	13.0482	10.4909	7.06554	6.18789	6.76461	6.21544	3.79433	0	3.82507	5.32353	7.46078	9.38734	13.0691	
17.1347	13.5187	11.6548	8.46863	8.56345	10.1581	10.0028	7.04938	3.82507	0	3.77746	7.23292	10.2026	13.3569	
13.7606	10.297	9.15446	6.87928	8.58773	9.92224	10.272	7.00102	5.32353	3.77746	0	3.80033	6.85083	9.69262	
10.0044	6.50984	5.82128	4.93196	8.0599	9.24324	10.5555	7.98701	7.46078	7.23292	3.80033	0	3.79992	6.37263	
8.51036	5.48416	5.55266	6.31873	9.46637	9.27305	10.3305	8.2586	9.38734	10.2026	6.85083	3.79992	0	3.81818	
5.98	4.56498	6.99701	9.17223	12.7032	12.7078	14.0044	12.0369	13.0691	13.3569	9.69262	6.37263	3.81818	0	

