2ak4	
CYS	ALA	LEU	SER	GLY	PHE	TYR	ASN	THR	ASP	LYS	LEU	ILE	PHE	
0	3.81188	7.16601	10.6213	14.1971	16.2199	18.5816	19.5844	20.0024	16.5529	13.9028	10.4306	8.65332	6.03556	
3.81188	0	3.81862	6.93852	10.6319	12.7873	14.9178	15.8769	16.1968	12.7465	10.1872	6.75894	5.51291	4.43661	
7.16601	3.81862	0	3.81093	7.18333	9.82566	12.1645	13.7133	13.7	10.0163	8.21465	5.76197	5.23764	6.58828	
10.6213	6.93852	3.81093	0	3.78487	6.44348	8.39337	10.0344	10.1061	6.50948	5.67662	4.46766	6.18754	8.95043	
14.1971	10.6319	7.18333	3.78487	0	3.79	5.81383	8.49285	8.36834	5.17023	6.68961	7.38747	9.45241	12.5885	
16.2199	12.7873	9.82566	6.44348	3.79	0	3.77204	7.19181	8.5433	6.70933	9.00454	9.5155	12.359	15.2324	
18.5816	14.9178	12.1645	8.39337	5.81383	3.77204	0	3.80312	5.42241	5.27	8.41903	10.0388	13.3006	16.5385	
19.5844	15.8769	13.7133	10.0344	8.49285	7.19181	3.80312	0	3.81073	5.52728	8.01339	9.97827	13.5153	16.7221	
20.0024	16.1968	13.7	10.1061	8.36834	8.5433	5.42241	3.81073	0	3.80353	6.71549	9.88067	12.7613	16.355	
16.5529	12.7465	10.0163	6.50948	5.17023	6.70933	5.27	5.52728	3.80353	0	3.82305	6.8547	9.46571	13.1321	
13.9028	10.1872	8.21465	5.67662	6.68961	9.00454	8.41903	8.01339	6.71549	3.82305	0	3.79847	6.07367	9.70708	
10.4306	6.75894	5.76197	4.46766	7.38747	9.5155	10.0388	9.97827	9.88067	6.8547	3.79847	0	3.82531	6.74679	
8.65332	5.51291	5.23764	6.18754	9.45241	12.359	13.3006	13.5153	12.7613	9.46571	6.07367	3.82531	0	3.80572	
6.03556	4.43661	6.58828	8.95043	12.5885	15.2324	16.5385	16.7221	16.355	13.1321	9.70708	6.74679	3.80572	0	

