2ak4	
CYS	ALA	SER	PRO	GLY	LEU	ALA	GLY	GLU	TYR	GLU	GLN	TYR	PHE	
0	3.78387	7.01744	9.98221	13.4841	16.8947	17.0948	14.8542	17.755	17.5956	13.9735	10.7688	8.14057	5.69726	
3.78387	0	3.77983	6.22565	9.82953	13.2274	13.7431	11.6589	14.9087	15.0414	11.5614	8.85973	5.41705	4.52814	
7.01744	3.77983	0	3.86035	6.78716	10.4715	11.3418	10.2242	13.7181	13.4599	10.0448	8.48952	5.01098	6.61011	
9.98221	6.22565	3.86035	0	3.80816	7.19008	8.63126	7.54439	11.329	11.8771	9.19146	8.50524	5.23256	7.9017	
13.4841	9.82953	6.78716	3.80816	0	3.80443	5.95522	6.61321	10.136	10.44	8.58507	9.5087	7.42168	10.8658	
16.8947	13.2274	10.4715	7.19008	3.80443	0	3.8282	5.91721	8.58132	9.41527	9.03419	11.0086	9.93687	13.4925	
17.0948	13.7431	11.3418	8.63126	5.95522	3.8282	0	3.84069	5.35274	5.65281	6.11507	8.90961	9.21208	12.7851	
14.8542	11.6589	10.2242	7.54439	6.61321	5.91721	3.84069	0	3.82112	5.6082	5.21544	6.61236	6.9199	9.98392	
17.755	14.9087	13.7181	11.329	10.136	8.58132	5.35274	3.82112	0	3.85779	5.9251	8.03681	9.78608	12.4068	
17.5956	15.0414	13.4599	11.8771	10.44	9.41527	5.65281	5.6082	3.85779	0	3.80818	7.10098	9.6536	12.4817	
13.9735	11.5614	10.0448	9.19146	8.58507	9.03419	6.11507	5.21544	5.9251	3.80818	0	3.78967	6.23989	9.16185	
10.7688	8.85973	8.48952	8.50524	9.5087	11.0086	8.90961	6.61236	8.03681	7.10098	3.78967	0	3.79644	5.63693	
8.14057	5.41705	5.01098	5.23256	7.42168	9.93687	9.21208	6.9199	9.78608	9.6536	6.23989	3.79644	0	3.76411	
5.69726	4.52814	6.61011	7.9017	10.8658	13.4925	12.7851	9.98392	12.4068	12.4817	9.16185	5.63693	3.76411	0	

