2bnq	
CYS	ALA	SER	SER	TYR	VAL	GLY	ASN	THR	GLY	GLU	LEU	PHE	PHE	
0	3.81194	6.87681	10.5854	14.073	15.8688	18.5376	19.6491	18.6073	15.4711	13.7188	10.0123	8.33905	5.80488	
3.81194	0	3.79786	7.11164	10.7655	12.6351	15.0147	15.996	14.8216	11.6807	9.96748	6.30065	5.31237	4.29895	
6.87681	3.79786	0	3.80332	7.22704	9.48905	11.8799	12.9499	12.4661	9.3902	8.43428	5.72623	5.30442	6.67856	
10.5854	7.11164	3.80332	0	3.77849	6.48084	8.24445	9.15337	8.92825	5.98304	5.93187	5.03694	6.22598	9.10809	
14.073	10.7655	7.22704	3.77849	0	3.79836	5.12497	6.54574	7.81748	5.56251	7.39849	8.16584	9.70819	12.839	
15.8688	12.6351	9.48905	6.48084	3.79836	0	3.78932	7.13908	8.73526	6.21406	9.30787	10.1623	12.5283	15.3283	
18.5376	15.0147	11.8799	8.24445	5.12497	3.78932	0	3.80312	6.17131	5.34398	8.89651	11.0932	13.6271	16.9332	
19.6491	15.996	12.9499	9.15337	6.54574	7.13908	3.80312	0	3.80657	5.42569	8.04316	11.1505	13.3253	16.9885	
18.6073	14.8216	12.4661	8.92825	7.81748	8.73526	6.17131	3.80657	0	3.80331	5.39662	9.06242	11.609	15.1888	
15.4711	11.6807	9.3902	5.98304	5.56251	6.21406	5.34398	5.42569	3.80331	0	3.82124	6.42562	9.5164	12.7983	
13.7188	9.96748	8.43428	5.93187	7.39849	9.30787	8.89651	8.04316	5.39662	3.82124	0	3.82371	6.56144	9.92084	
10.0123	6.30065	5.72623	5.03694	8.16584	10.1623	11.0932	11.1505	9.06242	6.42562	3.82371	0	3.81674	6.50386	
8.33905	5.31237	5.30442	6.22598	9.70819	12.5283	13.6271	13.3253	11.609	9.5164	6.56144	3.81674	0	3.80837	
5.80488	4.29895	6.67856	9.10809	12.839	15.3283	16.9332	16.9885	15.1888	12.7983	9.92084	6.50386	3.80837	0	

