2bnr	
CYS	ALA	VAL	ARG	PRO	THR	SER	GLY	GLY	SER	TYR	ILE	PRO	THR	PHE	
0	3.80431	7.0588	10.6582	13.9158	16.5849	19.3315	20.4275	20.9667	18.6981	16.0095	13.8899	10.0684	8.5292	5.898	
3.80431	0	3.79794	7.03772	10.4602	13.3472	15.8817	16.8339	17.1986	14.9205	12.2144	10.1861	6.36658	5.45583	4.25028	
7.0588	3.79794	0	3.80563	6.89805	9.61392	12.2893	13.6215	14.291	12.6067	9.92293	8.75792	5.48008	5.45189	6.71382	
10.6582	7.03772	3.80563	0	3.86077	6.72385	9.03191	10.3138	10.6068	9.19723	6.3906	6.25363	4.4779	6.37336	9.01921	
13.9158	10.4602	6.89805	3.86077	0	3.80517	5.44094	6.99466	8.23553	7.94357	6.37616	7.35542	7.2574	8.61708	11.9211	
16.5849	13.3472	9.61392	6.72385	3.80517	0	3.80524	7.16579	8.41015	9.66144	8.20029	10.419	10.6576	12.3236	15.4214	
19.3315	15.8817	12.2893	9.03191	5.44094	3.80524	0	3.80218	5.73371	8.00054	8.12137	10.5888	11.9831	13.6323	17.1703	
20.4275	16.8339	13.6215	10.3138	6.99466	7.16579	3.80218	0	3.78748	5.87932	7.75903	9.67108	11.9548	13.428	17.2031	
20.9667	17.1986	14.291	10.6068	8.23553	8.41015	5.73371	3.78748	0	3.80986	5.8861	8.62467	11.6253	13.9855	17.5983	
18.6981	14.9205	12.6067	9.19723	7.94357	9.66144	8.00054	5.87932	3.80986	0	3.82595	5.31161	8.8164	11.2203	14.7091	
16.0095	12.2144	9.92293	6.3906	6.37616	8.20029	8.12137	7.75903	5.8861	3.82595	0	3.80867	6.45677	9.6827	12.8085	
13.8899	10.1861	8.75792	6.25363	7.35542	10.419	10.5888	9.67108	8.62467	5.31161	3.80867	0	3.82463	6.68139	9.73108	
10.0684	6.36658	5.48008	4.4779	7.2574	10.6576	11.9831	11.9548	11.6253	8.8164	6.45677	3.82463	0	3.8002	6.3745	
8.5292	5.45583	5.45189	6.37336	8.61708	12.3236	13.6323	13.428	13.9855	11.2203	9.6827	6.68139	3.8002	0	3.81635	
5.898	4.25028	6.71382	9.01921	11.9211	15.4214	17.1703	17.2031	17.5983	14.7091	12.8085	9.73108	6.3745	3.81635	0	

