2bnr	
CYS	ALA	SER	SER	TYR	VAL	GLY	ASN	THR	GLY	GLU	LEU	PHE	PHE	
0	3.81795	6.86507	10.561	14.0549	15.831	18.4297	19.5321	18.5247	15.4672	13.659	9.93995	8.31238	5.71187	
3.81795	0	3.79766	7.09897	10.7603	12.6029	14.9054	15.8769	14.7321	11.6731	9.89373	6.22515	5.28301	4.21652	
6.86507	3.79766	0	3.78356	7.21654	9.44705	11.7682	12.8531	12.4231	9.41638	8.42617	5.72953	5.2869	6.62007	
10.561	7.09897	3.78356	0	3.78084	6.459	8.14554	9.07809	8.93152	6.06828	5.98339	5.12445	6.20569	9.06907	
14.0549	10.7603	7.21654	3.78084	0	3.79379	5.04422	6.52628	7.88381	5.67119	7.47459	8.26542	9.68692	12.8022	
15.831	12.6029	9.44705	6.459	3.79379	0	3.78912	7.1791	8.76276	6.19983	9.26101	10.2114	12.4832	15.2668	
18.4297	14.9054	11.7682	8.14554	5.04422	3.78912	0	3.81369	6.15727	5.26744	8.79129	11.0672	13.4885	16.7981	
19.5321	15.8769	12.8531	9.07809	6.52628	7.1791	3.81369	0	3.82204	5.41846	7.98669	11.1139	13.1721	16.847	
18.5247	14.7321	12.4231	8.93152	7.88381	8.76276	6.15727	3.82204	0	3.80299	5.35299	9.05051	11.5408	15.1242	
15.4672	11.6731	9.41638	6.06828	5.67119	6.19983	5.26744	5.41846	3.80299	0	3.81606	6.52299	9.57013	12.8353	
13.659	9.89373	8.42617	5.98339	7.47459	9.26101	8.79129	7.98669	5.35299	3.81606	0	3.8232	6.61454	9.93884	
9.93995	6.22515	5.72953	5.12445	8.26542	10.2114	11.0672	11.1139	9.05051	6.52299	3.8232	0	3.80835	6.45667	
8.31238	5.28301	5.2869	6.20569	9.68692	12.4832	13.4885	13.1721	11.5408	9.57013	6.61454	3.80835	0	3.81975	
5.71187	4.21652	6.62007	9.06907	12.8022	15.2668	16.7981	16.847	15.1242	12.8353	9.93884	6.45667	3.81975	0	

