2esv	
CYS	ILE	VAL	VAL	ARG	SER	SER	ASN	THR	GLY	LYS	LEU	ILE	PHE	
0	3.79828	6.81721	9.91625	13.3687	16.0165	17.7425	20.0701	17.9128	14.2608	13.3444	9.92359	9.22047	7.74329	
3.79828	0	3.78967	6.3853	9.95954	12.7104	14.1543	16.5536	14.4272	10.8262	9.88811	6.77688	6.3675	6.47966	
6.81721	3.78967	0	3.81611	6.69354	9.7887	11.8112	14.7984	13.4304	9.83967	9.82021	7.94594	7.91314	9.45753	
9.91625	6.3853	3.81611	0	3.79957	6.42356	8.04125	10.9891	9.84957	6.37463	7.17505	6.79664	8.08296	10.6962	
13.3687	9.95954	6.69354	3.79957	0	3.79782	6.06698	9.72812	9.85338	7.31145	8.98422	9.87454	11.0313	14.0854	
16.0165	12.7104	9.7887	6.42356	3.79782	0	3.81014	7.20475	8.53768	6.7861	9.76516	11.5908	13.6424	16.7166	
17.7425	14.1543	11.8112	8.04125	6.06698	3.81014	0	3.81181	5.44462	5.38332	8.18693	11.0913	13.3949	16.7923	
20.0701	16.5536	14.7984	10.9891	9.72812	7.20475	3.81181	0	3.81608	6.06768	8.79146	12.2818	15.0885	18.3563	
17.9128	14.4272	13.4304	9.84957	9.85338	8.53768	5.44462	3.81608	0	3.8397	5.47979	9.15308	12.1219	15.2312	
14.2608	10.8262	9.83967	6.37463	7.31145	6.7861	5.38332	6.06768	3.8397	0	3.8214	6.50703	9.69605	12.6081	
13.3444	9.88811	9.82021	7.17505	8.98422	9.76516	8.18693	8.79146	5.47979	3.8214	0	3.83067	6.71195	9.77044	
9.92359	6.77688	7.94594	6.79664	9.87454	11.5908	11.0913	12.2818	9.15308	6.50703	3.83067	0	3.79651	6.16706	
9.22047	6.3675	7.91314	8.08296	11.0313	13.6424	13.3949	15.0885	12.1219	9.69605	6.71195	3.79651	0	3.8157	
7.74329	6.47966	9.45753	10.6962	14.0854	16.7166	16.7923	18.3563	15.2312	12.6081	9.77044	6.16706	3.8157	0	

