2esv	
CYS	ALA	SER	SER	GLN	ASP	ARG	ASP	THR	GLN	TYR	PHE	
0	3.81085	7.10457	10.6229	14.2412	16.1179	13.8504	15.4672	13.4702	9.69752	8.411	5.72464	
3.81085	0	3.80262	6.96847	10.686	12.4312	10.376	11.893	9.79069	6.09074	5.24162	4.20585	
7.10457	3.80262	0	3.81192	7.19069	9.58339	8.3569	10.4663	8.54088	5.72559	5.41359	6.67759	
10.6229	6.96847	3.81192	0	3.79453	5.80099	5.29104	7.41195	6.00213	4.91922	6.31825	9.08008	
14.2412	10.686	7.19069	3.79453	0	3.82127	5.80099	7.89258	7.36835	8.02507	9.43776	12.5947	
16.1179	12.4312	9.58339	5.80099	3.82127	0	3.8243	5.08814	6.25774	8.27889	10.8704	14.1614	
13.8504	10.376	8.3569	5.29104	5.80099	3.8243	0	3.83177	5.69336	6.57916	9.9171	12.5629	
15.4672	11.893	10.4663	7.41195	7.89258	5.08814	3.83177	0	3.81857	6.46457	9.98686	12.9183	
13.4702	9.79069	8.54088	6.00213	7.36835	6.25774	5.69336	3.81857	0	3.79412	6.627	9.91085	
9.69752	6.09074	5.72559	4.91922	8.02507	8.27889	6.57916	6.46457	3.79412	0	3.80971	6.46776	
8.411	5.24162	5.41359	6.31825	9.43776	10.8704	9.9171	9.98686	6.627	3.80971	0	3.79214	
5.72464	4.20585	6.67759	9.08008	12.5947	14.1614	12.5629	12.9183	9.91085	6.46776	3.79214	0	

