2f53	
CYS	ALA	VAL	ARG	PRO	THR	SER	GLY	GLY	SER	TYR	ILE	PRO	THR	PHE	
0	3.83616	7.11005	10.6864	13.8249	17.0645	19.5641	20.7561	21.0062	18.7	15.8101	13.7664	9.97975	8.6377	6.00303	
3.83616	0	3.8434	7.05678	10.3002	13.7035	16.0144	17.0331	17.1828	14.8801	11.9983	10.0209	6.24275	5.4808	4.28939	
7.11005	3.8434	0	3.86539	6.7567	9.97729	12.5207	14.0319	14.414	12.737	9.7402	8.65666	5.47099	5.42883	6.7154	
10.6864	7.05678	3.86539	0	3.82983	6.97698	9.38461	10.7778	10.7248	9.38531	6.16531	6.23353	4.61001	6.53971	9.15095	
13.8249	10.3002	6.7567	3.82983	0	3.81824	5.77134	7.70877	8.58333	8.22204	6.08554	7.0599	7.06908	8.3089	11.6618	
17.0645	13.7035	9.97729	6.97698	3.81824	0	3.84904	7.19552	8.03782	9.35438	7.71826	10.0048	10.6561	12.1252	15.432	
19.5641	16.0144	12.5207	9.38461	5.77134	3.84904	0	3.82926	5.89567	7.88533	7.97853	10.1494	11.8668	13.1825	16.8676	
20.7561	17.0331	14.0319	10.7778	7.70877	7.19552	3.82926	0	3.76937	5.48865	7.39146	9.132	11.8388	13.3045	17.0997	
21.0062	17.1828	14.414	10.7248	8.58333	8.03782	5.89567	3.76937	0	3.81171	5.68757	8.45883	11.6104	14.0272	17.5996	
18.7	14.8801	12.737	9.38531	8.22204	9.35438	7.88533	5.48865	3.81171	0	3.82515	5.21395	8.82389	11.3109	14.7177	
15.8101	11.9983	9.7402	6.16531	6.08554	7.71826	7.97853	7.39146	5.68757	3.82515	0	3.84031	6.43549	9.59501	12.7359	
13.7664	10.0209	8.65666	6.23353	7.0599	10.0048	10.1494	9.132	8.45883	5.21395	3.84031	0	3.78764	6.62124	9.67351	
9.97975	6.24275	5.47099	4.61001	7.06908	10.6561	11.8668	11.8388	11.6104	8.82389	6.43549	3.78764	0	3.78874	6.33164	
8.6377	5.4808	5.42883	6.53971	8.3089	12.1252	13.1825	13.3045	14.0272	11.3109	9.59501	6.62124	3.78874	0	3.82403	
6.00303	4.28939	6.7154	9.15095	11.6618	15.432	16.8676	17.0997	17.5996	14.7177	12.7359	9.67351	6.33164	3.82403	0	

