2f53	
CYS	ALA	SER	SER	TYR	VAL	GLY	ASN	THR	GLY	GLU	LEU	PHE	PHE	
0	3.81803	6.93499	10.6422	14.0799	15.8389	18.5459	19.7414	18.6911	15.4626	13.8318	10.1414	8.31323	5.83161	
3.81803	0	3.75578	7.11295	10.7223	12.5798	15.0016	16.0708	14.8875	11.6685	10.0674	6.4152	5.25218	4.34025	
6.93499	3.75578	0	3.79461	7.17348	9.40196	11.809	12.9471	12.4268	9.24306	8.35526	5.59946	5.23816	6.70532	
10.6422	7.11295	3.79461	0	3.74392	6.4259	8.18777	9.16226	8.86447	5.80621	5.76754	4.80678	6.21483	9.15224	
14.0799	10.7223	7.17348	3.74392	0	3.81538	5.0925	6.52772	7.6957	5.34347	7.16565	7.91608	9.67405	12.8421	
15.8389	12.5798	9.40196	6.4259	3.81538	0	3.80712	7.21144	8.55178	5.99638	9.13492	9.95146	12.4887	15.3284	
18.5459	15.0016	11.809	8.18777	5.0925	3.80712	0	3.85468	5.96237	5.20532	8.71999	10.9043	13.6315	16.9689	
19.7414	16.0708	12.9471	9.16226	6.52772	7.21144	3.85468	0	3.84396	5.54301	7.97048	11.0685	13.4281	17.1088	
18.6911	14.8875	12.4268	8.86447	7.6957	8.55178	5.96237	3.84396	0	3.81183	5.36324	8.98396	11.779	15.3596	
15.4626	11.6685	9.24306	5.80621	5.34347	5.99638	5.20532	5.54301	3.81183	0	3.81166	6.30701	9.56517	12.8761	
13.8318	10.0674	8.35526	5.76754	7.16565	9.13492	8.71999	7.97048	5.36324	3.81166	0	3.79893	6.66658	10.0834	
10.1414	6.4152	5.59946	4.80678	7.91608	9.95146	10.9043	11.0685	8.98396	6.30701	3.79893	0	3.8448	6.68081	
8.31323	5.25218	5.23816	6.21483	9.67405	12.4887	13.6315	13.4281	11.779	9.56517	6.66658	3.8448	0	3.79668	
5.83161	4.34025	6.70532	9.15224	12.8421	15.3284	16.9689	17.1088	15.3596	12.8761	10.0834	6.68081	3.79668	0	

