2f54	
CYS	ALA	SER	SER	TYR	VAL	GLY	ASN	THR	GLY	GLU	LEU	PHE	PHE	
0	3.82717	7.01982	10.7319	14.1249	15.6824	18.5659	19.743	18.4315	15.4235	13.6614	10.0364	8.3344	5.80901	
3.82717	0	3.80438	7.17583	10.7439	12.4265	15.0183	16.0533	14.625	11.6158	9.88828	6.33135	5.25099	4.2222	
7.01982	3.80438	0	3.80488	7.12577	9.14066	11.7456	12.8637	12.0778	9.15167	8.18707	5.65553	5.21669	6.6629	
10.7319	7.17583	3.80488	0	3.69598	6.18517	8.12901	9.06672	8.51338	5.71606	5.67724	5.04744	6.22627	9.11583	
14.1249	10.7439	7.12577	3.69598	0	3.71258	5.11265	6.43348	7.43562	5.42106	7.2023	8.18642	9.6016	12.7433	
15.6824	12.4265	9.14066	6.18517	3.71258	0	3.8638	7.13115	8.65957	6.19119	9.17051	10.1469	12.3164	15.0669	
18.5659	15.0183	11.7456	8.12901	5.11265	3.8638	0	3.79217	6.22417	5.44139	8.94899	11.2433	13.6586	16.9049	
19.743	16.0533	12.8637	9.06672	6.43348	7.13115	3.79217	0	3.85185	5.55599	8.18898	11.3283	13.435	17.0471	
18.4315	14.625	12.0778	8.51338	7.43562	8.65957	6.22417	3.85185	0	3.79222	5.29833	8.94911	11.3877	14.9293	
15.4235	11.6158	9.15167	5.71606	5.42106	6.19119	5.44139	5.55599	3.79222	0	3.76847	6.44656	9.45268	12.6581	
13.6614	9.88828	8.18707	5.67724	7.2023	9.17051	8.94899	8.18898	5.29833	3.76847	0	3.76784	6.51626	9.79656	
10.0364	6.33135	5.65553	5.04744	8.18642	10.1469	11.2433	11.3283	8.94911	6.44656	3.76784	0	3.75083	6.34955	
8.3344	5.25099	5.21669	6.22627	9.6016	12.3164	13.6586	13.435	11.3877	9.45268	6.51626	3.75083	0	3.78437	
5.80901	4.2222	6.6629	9.11583	12.7433	15.0669	16.9049	17.0471	14.9293	12.6581	9.79656	6.34955	3.78437	0	

