2f54	
CYS	ALA	VAL	ARG	PRO	THR	SER	GLY	GLY	SER	TYR	ILE	PRO	THR	PHE	
0	3.72849	6.88521	10.4437	13.587	16.1946	18.7571	19.7401	20.6032	18.4406	15.5918	13.9396	10.1517	8.51303	6.01626	
3.72849	0	3.79617	7.02155	10.3148	13.2612	15.4731	16.2507	16.9519	14.7133	11.9328	10.2532	6.45714	5.2612	4.14646	
6.88521	3.79617	0	3.7382	6.72182	9.48942	11.8805	13.0587	13.9985	12.39	9.58085	8.81613	5.44198	5.3033	6.65223	
10.4437	7.02155	3.7382	0	3.79853	6.77083	8.66298	9.91686	10.4239	9.0616	6.13579	6.41336	4.4393	6.32583	9.0706	
13.587	10.3148	6.72182	3.79853	0	3.80119	5.18754	6.72983	8.14755	8.08288	6.37981	7.59151	7.11286	8.53523	11.83	
16.1946	13.2612	9.48942	6.77083	3.80119	0	3.81791	7.20723	8.58922	9.97488	8.45914	10.7714	10.6457	12.244	15.3354	
18.7571	15.4731	11.8805	8.66298	5.18754	3.81791	0	3.82331	5.4311	7.84936	7.85426	10.3201	11.4232	13.2228	16.7732	
19.7401	16.2507	13.0587	9.91686	6.72983	7.20723	3.82331	0	3.82535	6.08132	7.83266	9.39627	11.2925	12.8301	16.6093	
20.6032	16.9519	13.9985	10.4239	8.14755	8.58922	5.4311	3.82535	0	3.86909	6.11842	8.49348	11.267	13.722	17.4387	
18.4406	14.7133	12.39	9.0616	8.08288	9.97488	7.84936	6.08132	3.86909	0	3.85095	5.08205	8.47035	11.1519	14.7223	
15.5918	11.9328	9.58085	6.13579	6.37981	8.45914	7.85426	7.83266	6.11842	3.85095	0	3.78794	6.14749	9.51938	12.7811	
13.9396	10.2532	8.81613	6.41336	7.59151	10.7714	10.3201	9.39627	8.49348	5.08205	3.78794	0	3.80106	6.81556	10.0073	
10.1517	6.45714	5.44198	4.4393	7.11286	10.6457	11.4232	11.2925	11.267	8.47035	6.14749	3.80106	0	3.7526	6.64472	
8.51303	5.2612	5.3033	6.32583	8.53523	12.244	13.2228	12.8301	13.722	11.1519	9.51938	6.81556	3.7526	0	3.80645	
6.01626	4.14646	6.65223	9.0706	11.83	15.3354	16.7732	16.6093	17.4387	14.7223	12.7811	10.0073	6.64472	3.80645	0	

