2gj6	
CYS	ALA	SER	ARG	PRO	GLY	LEU	ALA	GLY	GLY	ARG	PRO	GLU	GLN	TYR	PHE	
0	3.81336	7.00038	10.5548	14.0093	15.4004	18.8593	18.462	19.7864	18.9613	17.9657	17.2075	14.2187	10.5477	8.72203	5.90443	
3.81336	0	3.76281	6.96299	10.6489	12.182	15.7164	15.3987	16.4952	15.6448	14.4239	13.4353	10.4742	6.79811	5.60324	4.22835	
7.00038	3.76281	0	3.742	7.0493	8.99985	12.3082	11.685	12.85	12.2908	11.6009	10.7429	8.52939	5.53885	5.49412	6.44443	
10.5548	6.96299	3.742	0	3.90195	5.99221	9.2703	8.93324	9.87786	9.63322	8.82237	7.33121	5.91278	4.24711	6.3844	8.88203	
14.0093	10.6489	7.0493	3.90195	0	3.82458	5.94689	5.06344	6.29523	7.14428	7.62756	6.39912	7.17415	7.42247	9.67832	12.5162	
15.4004	12.182	8.99985	5.99221	3.82458	0	3.75707	5.57646	8.06085	10.0699	10.5074	8.18557	9.33711	9.3884	12.2897	14.7708	
18.8593	15.7164	12.3082	9.2703	5.94689	3.75707	0	3.81185	6.69012	9.85212	11.2547	9.43058	11.7289	12.5976	15.4208	18.1468	
18.462	15.3987	11.685	8.93324	5.06344	5.57646	3.81185	0	3.81722	7.07192	9.4621	8.98312	11.3046	12.3714	14.5066	17.3711	
19.7864	16.4952	12.85	9.87786	6.29523	8.06085	6.69012	3.81722	0	3.81137	6.74739	7.39053	10.2914	12.3282	14.2693	17.5829	
18.9613	15.6448	12.2908	9.63322	7.14428	10.0699	9.85212	7.07192	3.81137	0	3.81083	6.30416	8.61436	11.0178	12.3348	15.8268	
17.9657	14.4239	11.6009	8.82237	7.62756	10.5074	11.2547	9.4621	6.74739	3.81083	0	3.8289	5.61136	8.72292	10.241	13.9782	
17.2075	13.4353	10.7429	7.33121	6.39912	8.18557	9.43058	8.98312	7.39053	6.30416	3.8289	0	3.84538	7.16069	9.95592	13.6292	
14.2187	10.4742	8.52939	5.91278	7.17415	9.33711	11.7289	11.3046	10.2914	8.61436	5.61136	3.84538	0	3.78187	6.4833	10.1097	
10.5477	6.79811	5.53885	4.24711	7.42247	9.3884	12.5976	12.3714	12.3282	11.0178	8.72292	7.16069	3.78187	0	3.79367	6.86881	
8.72203	5.60324	5.49412	6.3844	9.67832	12.2897	15.4208	14.5066	14.2693	12.3348	10.241	9.95592	6.4833	3.79367	0	3.78106	
5.90443	4.22835	6.44443	8.88203	12.5162	14.7708	18.1468	17.3711	17.5829	15.8268	13.9782	13.6292	10.1097	6.86881	3.78106	0	

