2gj6	
CYS	ALA	VAL	THR	THR	ASP	SER	TRP	GLY	LYS	LEU	GLN	PHE	
0	3.80828	6.86956	10.5529	14.0906	16.3051	17.8634	18.4873	15.7034	13.4141	9.93245	8.19831	5.78373	
3.80828	0	3.78094	7.03009	10.7337	12.6559	14.0999	14.6922	12.0145	9.92143	6.3144	5.43039	4.56735	
6.86956	3.78094	0	3.8309	7.22282	9.71674	11.924	12.6067	9.69254	8.59891	5.67127	5.21015	6.70975	
10.5529	7.03009	3.8309	0	3.78821	5.98919	8.44891	9.06282	6.28466	6.44147	4.81909	6.15437	9.06765	
14.0906	10.7337	7.22282	3.78821	0	3.79271	7.39987	8.11653	5.83731	7.94707	7.91591	9.32271	12.606	
16.3051	12.6559	9.71674	5.98919	3.79271	0	3.79079	5.39699	5.08922	8.1546	8.69124	11.2967	14.5382	
17.8634	14.0999	11.924	8.44891	7.39987	3.79079	0	3.81241	5.93514	8.6562	9.43307	12.8099	15.7711	
18.4873	14.6922	12.6067	9.06282	8.11653	5.39699	3.81241	0	3.81704	6.68322	8.93108	11.9944	15.2513	
15.7034	12.0145	9.69254	6.28466	5.83731	5.08922	5.93514	3.81704	0	3.80883	6.32246	8.68206	12.2257	
13.4141	9.92143	8.59891	6.44147	7.94707	8.1546	8.6562	6.68322	3.80883	0	3.79595	5.82856	9.09064	
9.93245	6.3144	5.67127	4.81909	7.91591	8.69124	9.43307	8.93108	6.32246	3.79595	0	3.8193	6.42612	
8.19831	5.43039	5.21015	6.15437	9.32271	11.2967	12.8099	11.9944	8.68206	5.82856	3.8193	0	3.77032	
5.78373	4.56735	6.70975	9.06765	12.606	14.5382	15.7711	15.2513	12.2257	9.09064	6.42612	3.77032	0	

