2iam	
CYS	ALA	ALA	LEU	ILE	GLN	GLY	ALA	GLN	LYS	LEU	VAL	PHE	
0	3.72225	6.86787	10.6485	13.1984	15.9381	18.9181	17.9404	15.8905	13.7054	10.4879	8.53175	6.07883	
3.72225	0	3.85362	7.28853	10.1017	13.018	15.6663	14.4729	12.2526	10.0844	6.80512	5.4074	4.5052	
6.86787	3.85362	0	3.84689	6.72309	9.26095	12.0861	11.3982	9.42373	8.03287	5.70822	5.21748	6.5734	
10.6485	7.28853	3.84689	0	3.80902	6.14865	8.41808	7.72925	5.73053	5.28784	4.64533	5.93238	8.94926	
13.1984	10.1017	6.72309	3.80902	0	3.80302	6.23402	5.45159	5.5239	5.28361	6.80958	7.19579	10.4529	
15.9381	13.018	9.26095	6.14865	3.80302	0	3.79069	5.55924	6.41938	8.11547	9.9466	10.8904	14.0377	
18.9181	15.6663	12.0861	8.41808	6.23402	3.79069	0	3.76137	5.58178	8.42803	11.1542	12.8853	16.4521	
17.9404	14.4729	11.3982	7.72925	5.45159	5.55924	3.76137	0	3.64852	5.53139	8.94953	10.6987	14.4641	
15.8905	12.2526	9.42373	5.73053	5.5239	6.41938	5.58178	3.64852	0	3.81618	6.3961	9.16212	12.9358	
13.7054	10.0844	8.03287	5.28784	5.28361	8.11547	8.42803	5.53139	3.81618	0	3.74847	5.91631	9.74148	
10.4879	6.80512	5.70822	4.64533	6.80958	9.9466	11.1542	8.94953	6.3961	3.74847	0	3.81436	7.14708	
8.53175	5.4074	5.21748	5.93238	7.19579	10.8904	12.8853	10.6987	9.16212	5.91631	3.81436	0	3.84211	
6.07883	4.5052	6.5734	8.94926	10.4529	14.0377	16.4521	14.4641	12.9358	9.74148	7.14708	3.84211	0	

