2iam	
CYS	ALA	SER	THR	TYR	HIS	GLY	THR	GLY	TYR	PHE	
0	3.78486	7.11782	10.7027	14.0632	17.259	16.1835	13.8372	10.2574	8.24236	5.67102	
3.78486	0	3.7654	7.0341	10.535	13.5565	12.4018	10.1853	6.68655	5.254	4.39581	
7.11782	3.7654	0	3.78938	7.06685	10.3524	9.90373	8.38685	5.87232	5.31599	6.80522	
10.7027	7.0341	3.78938	0	3.77717	6.61992	6.29368	5.69215	4.80159	6.19553	9.12722	
14.0632	10.535	7.06685	3.77717	0	3.81191	5.71574	7.29231	7.92712	9.84323	12.9039	
17.259	13.5565	10.3524	6.61992	3.81191	0	3.82925	7.04411	9.21997	11.7822	15.2382	
16.1835	12.4018	9.90373	6.29368	5.71574	3.82925	0	3.78699	6.65407	9.67122	13.1941	
13.8372	10.1853	8.38685	5.69215	7.29231	7.04411	3.78699	0	3.78759	6.41552	9.97946	
10.2574	6.68655	5.87232	4.80159	7.92712	9.21997	6.65407	3.78759	0	3.71353	6.70426	
8.24236	5.254	5.31599	6.19553	9.84323	11.7822	9.67122	6.41552	3.71353	0	3.78743	
5.67102	4.39581	6.80522	9.12722	12.9039	15.2382	13.1941	9.97946	6.70426	3.78743	0	

