2ian	
CYS	ALA	ALA	LEU	ILE	GLN	GLY	ALA	GLN	LYS	LEU	VAL	PHE	
0	3.78707	7.05562	10.691	13.2178	16.1403	19.0891	18.1564	15.7392	13.9736	10.513	8.7203	6.24588	
3.78707	0	3.734	7.07514	9.71184	12.7775	15.4942	14.412	11.966	10.2447	6.83533	5.47869	4.56893	
7.05562	3.734	0	3.77253	6.53523	9.19018	12.0926	11.5637	9.29423	8.37236	5.77565	5.58076	6.90722	
10.691	7.07514	3.77253	0	3.84022	6.19996	8.5589	8.02576	5.67966	5.69108	4.56652	6.21215	9.13089	
13.2178	9.71184	6.53523	3.84022	0	3.8197	6.25033	5.83335	5.55174	5.35651	6.43659	7.177	10.521	
16.1403	12.7775	9.19018	6.19996	3.8197	0	3.77197	5.80955	6.42731	8.06435	9.64849	10.9406	14.2101	
19.0891	15.4942	12.0926	8.5589	6.25033	3.77197	0	3.77271	5.77567	8.23501	10.8935	12.8289	16.4763	
18.1564	14.412	11.5637	8.02576	5.83335	5.80955	3.77271	0	3.77998	5.28882	8.69444	10.7356	14.5603	
15.7392	11.966	9.29423	5.67966	5.55174	6.42731	5.77567	3.77998	0	3.72526	6.05301	9.04534	12.7495	
13.9736	10.2447	8.37236	5.69108	5.35651	8.06435	8.23501	5.28882	3.72526	0	3.79321	6.05833	9.84813	
10.513	6.83533	5.77565	4.56652	6.43659	9.64849	10.8935	8.69444	6.05301	3.79321	0	3.74298	7.01024	
8.7203	5.47869	5.58076	6.21215	7.177	10.9406	12.8289	10.7356	9.04534	6.05833	3.74298	0	3.83985	
6.24588	4.56893	6.90722	9.13089	10.521	14.2101	16.4763	14.5603	12.7495	9.84813	7.01024	3.83985	0	

