2ian	
CYS	ALA	SER	THR	TYR	HIS	GLY	THR	GLY	TYR	PHE	
0	3.80542	7.22882	10.7594	13.9823	17.0387	16.0522	13.8501	10.139	8.24483	5.76637	
3.80542	0	3.76849	7.03283	10.4245	13.3014	12.2598	10.2057	6.55377	5.25934	4.58697	
7.22882	3.76849	0	3.79363	6.92796	10.0393	9.68542	8.36079	5.54553	5.1991	6.89928	
10.7594	7.03283	3.79363	0	3.71622	6.3097	6.09177	5.82494	4.55834	6.34169	9.34613	
13.9823	10.4245	6.92796	3.71622	0	3.79615	5.88764	7.65974	7.84485	9.91555	13.0343	
17.0387	13.3014	10.0393	6.3097	3.79615	0	3.82648	7.10479	8.95294	11.6403	15.1612	
16.0522	12.2598	9.68542	6.09177	5.88764	3.82648	0	3.82424	6.525	9.65193	13.2071	
13.8501	10.2057	8.36079	5.82494	7.65974	7.10479	3.82424	0	3.8044	6.50466	10.0489	
10.139	6.55377	5.54553	4.55834	7.84485	8.95294	6.525	3.8044	0	3.76287	6.80852	
8.24483	5.25934	5.1991	6.34169	9.91555	11.6403	9.65193	6.50466	3.76287	0	3.82897	
5.76637	4.58697	6.89928	9.34613	13.0343	15.1612	13.2071	10.0489	6.80852	3.82897	0	

