2nx5	
CYS	ALA	VAL	GLN	ALA	SER	GLY	GLY	SER	TYR	ILE	PRO	THR	PHE	
0	3.82074	6.87369	10.4811	13.1771	16.9419	16.7217	16.2936	16.6175	14.5887	13.0523	9.34508	8.41852	5.90613	
3.82074	0	3.81824	6.96012	10.0007	13.6842	13.7702	13.045	12.9731	10.8415	9.27285	5.59811	5.34095	4.47532	
6.87369	3.81824	0	3.81769	6.36744	10.1508	10.5206	10.4745	10.3734	8.21377	7.86704	5.26254	5.23283	6.57082	
10.4811	6.96012	3.81769	0	3.80696	7.18404	8.55307	8.35286	7.22411	4.53393	5.39991	4.71766	6.22667	9.08988	
13.1771	10.0007	6.36744	3.80696	0	3.81424	5.21487	6.37471	5.99625	4.89057	7.15807	7.84893	8.18063	11.335	
16.9419	13.6842	10.1508	7.18404	3.81424	0	3.82126	5.67312	5.04387	5.6607	8.69438	10.6805	11.0915	14.5634	
16.7217	13.7702	10.5206	8.55307	5.21487	3.82126	0	3.78723	5.87962	7.83728	9.55158	11.2093	10.3244	13.5812	
16.2936	13.045	10.4745	8.35286	6.37471	5.67312	3.78723	0	3.74116	6.72679	7.16034	9.41161	8.59578	12.141	
16.6175	12.9731	10.3734	7.22411	5.99625	5.04387	5.87962	3.74116	0	3.78789	5.14469	8.37531	9.15964	12.9686	
14.5887	10.8415	8.21377	4.53393	4.89057	5.6607	7.83728	6.72679	3.78789	0	3.82242	6.37523	8.44117	12.0312	
13.0523	9.27285	7.86704	5.39991	7.15807	8.69438	9.55158	7.16034	5.14469	3.82242	0	3.81759	6.0565	9.54685	
9.34508	5.59811	5.26254	4.71766	7.84893	10.6805	11.2093	9.41161	8.37531	6.37523	3.81759	0	3.81418	6.44907	
8.41852	5.34095	5.23283	6.22667	8.18063	11.0915	10.3244	8.59578	9.15964	8.44117	6.0565	3.81418	0	3.81051	
5.90613	4.47532	6.57082	9.08988	11.335	14.5634	13.5812	12.141	12.9686	12.0312	9.54685	6.44907	3.81051	0	

