2nx5	
CYS	ALA	THR	GLY	THR	GLY	ASP	SER	ASN	GLN	PRO	GLN	HIS	PHE	
0	3.79002	7.15737	10.6489	14.306	14.8833	17.5216	18.0384	19.1454	16.2845	13.4282	9.6867	8.4863	5.77019	
3.79002	0	3.82828	7.03041	10.7821	11.5687	13.9574	14.6523	15.5578	12.5664	9.88471	6.11574	5.2572	4.08708	
7.15737	3.82828	0	3.79434	7.27746	8.71181	11.3007	12.8509	13.7931	10.6204	8.9275	5.66401	5.24772	6.57045	
10.6489	7.03041	3.79434	0	3.79721	5.41526	7.60123	9.56019	10.4615	7.42676	6.90308	5.00765	6.32307	9.04436	
14.306	10.7821	7.27746	3.79721	0	3.80896	5.4811	8.67516	9.58121	7.1112	8.46841	8.08326	9.57295	12.6899	
14.8833	11.5687	8.71181	5.41526	3.80896	0	3.80814	6.3075	8.65246	7.49048	9.04669	8.74077	11.348	13.9831	
17.5216	13.9574	11.3007	7.60123	5.4811	3.80814	0	3.7996	5.4034	5.37198	8.27467	9.5694	12.471	15.5528	
18.0384	14.6523	12.8509	9.56019	8.67516	6.3075	3.7996	0	3.84284	5.7057	8.01016	9.76777	13.2865	15.9565	
19.1454	15.5578	13.7931	10.4615	9.58121	8.65246	5.4034	3.84284	0	3.81848	6.76754	9.79563	12.8864	15.9346	
16.2845	12.5664	10.6204	7.42676	7.1112	7.49048	5.37198	5.7057	3.81848	0	3.81476	6.77511	9.38085	12.7246	
13.4282	9.88471	8.9275	6.90308	8.46841	9.04669	8.27467	8.01016	6.76754	3.81476	0	3.78284	6.41182	9.36902	
9.6867	6.11574	5.66401	5.00765	8.08326	8.74077	9.5694	9.76777	9.79563	6.77511	3.78284	0	3.81193	6.24832	
8.4863	5.2572	5.24772	6.32307	9.57295	11.348	12.471	13.2865	12.8864	9.38085	6.41182	3.81193	0	3.80842	
5.77019	4.08708	6.57045	9.04436	12.6899	13.9831	15.5528	15.9565	15.9346	12.7246	9.36902	6.24832	3.80842	0	

