2p5e	
CYS	ALA	VAL	ARG	PRO	LEU	LEU	ASP	GLY	THR	TYR	ILE	PRO	THR	PHE	
0	3.77675	6.98043	10.4849	13.6969	16.3843	19.3125	19.2009	20.4877	18.3784	15.7079	13.6392	9.84425	8.44168	5.79342	
3.77675	0	3.77909	6.90451	10.2079	13.1549	15.9221	15.6414	16.7544	14.6213	11.9465	9.95491	6.16128	5.37142	4.24414	
6.98043	3.77909	0	3.81706	6.76679	9.46185	12.361	12.5352	13.8802	12.3942	9.72676	8.64611	5.41934	5.50799	6.76911	
10.4849	6.90451	3.81706	0	3.84126	6.69297	9.42343	9.59824	10.3508	9.10733	6.16503	6.19264	4.44359	6.56237	9.14202	
13.6969	10.2079	6.76679	3.84126	0	3.80714	5.74638	6.07627	7.5881	7.40777	5.75675	6.85653	6.89573	8.42336	11.7461	
16.3843	13.1549	9.46185	6.69297	3.80714	0	3.82232	6.51697	7.7797	9.27585	7.86601	10.1479	10.4613	12.1351	15.264	
19.3125	15.9221	12.361	9.42343	5.74638	3.82232	0	3.84503	5.61381	8.20875	8.47193	10.8823	12.2483	13.7376	17.2838	
19.2009	15.6414	12.5352	9.59824	6.07627	6.51697	3.84503	0	3.81818	5.50864	7.25989	8.89685	11.0245	12.287	16.0772	
20.4877	16.7544	13.8802	10.3508	7.5881	7.7797	5.61381	3.81818	0	3.83819	5.85482	8.53292	11.4365	13.6561	17.3502	
18.3784	14.6213	12.3942	9.10733	7.40777	9.27585	8.20875	5.50864	3.83819	0	3.85536	5.26441	8.73242	11.02	14.6087	
15.7079	11.9465	9.72676	6.16503	5.75675	7.86601	8.47193	7.25989	5.85482	3.85536	0	3.79983	6.38265	9.55506	12.7873	
13.6392	9.95491	8.64611	6.19264	6.85653	10.1479	10.8823	8.89685	8.53292	5.26441	3.79983	0	3.79917	6.57511	9.7429	
9.84425	6.16128	5.41934	4.44359	6.89573	10.4613	12.2483	11.0245	11.4365	8.73242	6.38265	3.79917	0	3.79865	6.44805	
8.44168	5.37142	5.50799	6.56237	8.42336	12.1351	13.7376	12.287	13.6561	11.02	9.55506	6.57511	3.79865	0	3.82778	
5.79342	4.24414	6.76911	9.14202	11.7461	15.264	17.2838	16.0772	17.3502	14.6087	12.7873	9.7429	6.44805	3.82778	0	

