2p5e	
CYS	ALA	SER	SER	TYR	LEU	GLY	ASN	THR	GLY	GLU	LEU	PHE	PHE	
0	3.85253	6.91498	10.6271	14.0847	15.7981	18.6734	19.6588	18.3315	15.1659	13.5554	9.88743	8.302	5.75707	
3.85253	0	3.79113	7.09494	10.6958	12.4936	15.1104	15.9481	14.4882	11.3484	9.74497	6.13003	5.18279	4.24341	
6.91498	3.79113	0	3.82128	7.19079	9.35577	11.9639	12.9437	12.2165	9.07842	8.29984	5.66652	5.23774	6.7064	
10.6271	7.09494	3.82128	0	3.67948	6.28037	8.30274	9.132	8.66394	5.66845	5.7903	5.02455	6.15477	9.14171	
14.0847	10.6958	7.19079	3.67948	0	3.779	5.15878	6.45566	7.46163	5.18543	7.13061	8.0411	9.48735	12.7473	
15.7981	12.4936	9.35577	6.28037	3.779	0	3.79711	7.02926	8.15863	5.59067	8.86237	9.90703	12.2375	15.1656	
18.6734	15.1104	11.9639	8.30274	5.15878	3.79711	0	3.78501	6.00429	5.42329	8.92514	11.249	13.6404	17.056	
19.6588	15.9481	12.9437	9.132	6.45566	7.02926	3.78501	0	3.91179	5.69789	8.08539	11.2158	13.2397	16.9809	
18.3315	14.4882	12.2165	8.66394	7.46163	8.15863	6.00429	3.91179	0	3.82564	5.25619	8.88467	11.4304	15.0284	
15.1659	11.3484	9.07842	5.66845	5.18543	5.59067	5.42329	5.69789	3.82564	0	3.81603	6.33747	9.37405	12.6783	
13.5554	9.74497	8.29984	5.7903	7.13061	8.86237	8.92514	8.08539	5.25619	3.81603	0	3.7696	6.53298	9.89565	
9.88743	6.13003	5.66652	5.02455	8.0411	9.90703	11.249	11.2158	8.88467	6.33747	3.7696	0	3.81188	6.49833	
8.302	5.18279	5.23774	6.15477	9.48735	12.2375	13.6404	13.2397	11.4304	9.37405	6.53298	3.81188	0	3.85719	
5.75707	4.24341	6.7064	9.14171	12.7473	15.1656	17.056	16.9809	15.0284	12.6783	9.89565	6.49833	3.85719	0	

