2p5w	
CYS	ALA	SER	SER	TYR	LEU	GLY	ASN	THR	GLY	GLU	LEU	PHE	PHE	
0	3.80382	6.89449	10.6349	14.1453	15.8629	18.7398	19.6715	18.3981	15.2822	13.5886	9.96415	8.33467	5.89859	
3.80382	0	3.83827	7.18719	10.8494	12.6528	15.2669	16.0424	14.6133	11.5237	9.81567	6.22803	5.22716	4.32502	
6.89449	3.83827	0	3.8281	7.26799	9.42651	12.0294	12.9429	12.2336	9.16867	8.23133	5.62561	5.22362	6.78513	
10.6349	7.18719	3.8281	0	3.74302	6.36621	8.37522	9.12219	8.67811	5.78145	5.70202	4.97694	6.14731	9.21064	
14.1453	10.8494	7.26799	3.74302	0	3.82004	5.1678	6.38456	7.44327	5.28717	7.05605	8.03833	9.54338	12.8761	
15.8629	12.6528	9.42651	6.36621	3.82004	0	3.78888	7.03718	8.25425	5.70101	8.87063	9.93521	12.3201	15.3191	
18.7398	15.2669	12.0294	8.37522	5.1678	3.78888	0	3.83842	6.10769	5.5047	8.944	11.2747	13.7282	17.1937	
19.6715	16.0424	12.9429	9.12219	6.38456	7.03718	3.83842	0	3.90478	5.72156	8.03946	11.1825	13.2505	17.0275	
18.3981	14.6133	12.2336	8.67811	7.44327	8.25425	6.10769	3.90478	0	3.85835	5.25563	8.88063	11.438	15.0672	
15.2822	11.5237	9.16867	5.78145	5.28717	5.70101	5.5047	5.72156	3.85835	0	3.81148	6.34937	9.46124	12.7978	
13.5886	9.81567	8.23133	5.70202	7.05605	8.87063	8.944	8.03946	5.25563	3.81148	0	3.74655	6.51706	9.91905	
9.96415	6.22803	5.62561	4.97694	8.03833	9.93521	11.2747	11.1825	8.88063	6.34937	3.74655	0	3.83944	6.57474	
8.33467	5.22716	5.22362	6.14731	9.54338	12.3201	13.7282	13.2505	11.438	9.46124	6.51706	3.83944	0	3.87796	
5.89859	4.32502	6.78513	9.21064	12.8761	15.3191	17.1937	17.0275	15.0672	12.7978	9.91905	6.57474	3.87796	0	

