2p5w	
CYS	ALA	VAL	ARG	PRO	LEU	LEU	ASP	GLY	THR	TYR	ILE	PRO	THR	PHE	
0	3.80676	7.02048	10.5616	13.8294	16.5481	19.37	19.24	20.7244	18.6472	15.868	13.7465	9.91883	8.44046	5.89206	
3.80676	0	3.84214	6.98526	10.361	13.3407	16.0099	15.6874	16.9802	14.8576	12.0743	10.0143	6.19124	5.33243	4.29226	
7.02048	3.84214	0	3.83771	6.84214	9.59409	12.381	12.5164	14.0591	12.5875	9.80134	8.69135	5.46307	5.45558	6.78895	
10.5616	6.98526	3.83771	0	3.86029	6.76056	9.43361	9.56537	10.5258	9.27532	6.22568	6.24953	4.5356	6.58682	9.22143	
13.8294	10.361	6.84214	3.86029	0	3.75813	5.68621	6.05573	7.72405	7.60576	5.77049	7.01559	7.0819	8.59496	11.8988	
16.5481	13.3407	9.59409	6.76056	3.75813	0	3.77032	6.47877	7.8695	9.35768	7.83576	10.2463	10.6199	12.273	15.4085	
19.37	16.0099	12.381	9.43361	5.68621	3.77032	0	3.85986	5.76454	8.34244	8.48685	11.0011	12.3657	13.8033	17.3172	
19.24	15.6874	12.5164	9.56537	6.05573	6.47877	3.85986	0	3.84341	5.60272	7.1934	8.96015	11.0817	12.3333	16.0727	
20.7244	16.9802	14.0591	10.5258	7.72405	7.8695	5.76454	3.84341	0	3.82698	5.93856	8.69401	11.6431	13.845	17.5255	
18.6472	14.8576	12.5875	9.27532	7.60576	9.35768	8.34244	5.60272	3.82698	0	3.86871	5.44001	8.94616	11.2924	14.8553	
15.868	12.0743	9.80134	6.22568	5.77049	7.83576	8.48685	7.1934	5.93856	3.86871	0	3.86028	6.49967	9.67103	12.9389	
13.7465	10.0143	8.69135	6.24953	7.01559	10.2463	11.0011	8.96015	8.69401	5.44001	3.86028	0	3.8297	6.67999	9.84097	
9.91883	6.19124	5.46307	4.5356	7.0819	10.6199	12.3657	11.0817	11.6431	8.94616	6.49967	3.8297	0	3.83067	6.5089	
8.44046	5.33243	5.45558	6.58682	8.59496	12.273	13.8033	12.3333	13.845	11.2924	9.67103	6.67999	3.83067	0	3.77016	
5.89206	4.29226	6.78895	9.22143	11.8988	15.4085	17.3172	16.0727	17.5255	14.8553	12.9389	9.84097	6.5089	3.77016	0	

