2po6	
CYS	VAL	VAL	SER	ASP	ARG	GLY	SER	THR	LEU	GLY	ARG	LEU	TYR	PHE	
0	3.83654	6.97328	10.5029	13.7301	15.8988	16.6517	17.9367	17.7354	19.1684	16.0067	13.678	10.0117	8.43952	6.03483	
3.83654	0	3.82896	6.90078	10.3017	12.3398	13.3396	14.398	14.0808	15.3505	12.1816	9.93895	6.32931	5.57617	4.60017	
6.97328	3.82896	0	3.82614	6.77376	9.17037	10.6267	12.3001	12.655	13.2627	9.79561	8.11332	5.49671	5.18861	6.68336	
10.5029	6.90078	3.82614	0	3.80437	5.50103	7.36259	8.80164	9.32989	9.59033	6.18891	5.57482	4.67838	6.49482	9.14572	
13.7301	10.3017	6.77376	3.80437	0	3.83764	7.16848	8.97464	10.0116	8.84798	5.38996	5.82718	7.00937	8.37302	11.7653	
15.8988	12.3398	9.17037	5.50103	3.83764	0	3.80838	5.52023	7.48305	6.49375	4.42736	7.07783	8.83818	11.2915	14.4065	
16.6517	13.3396	10.6267	7.36259	7.16848	3.80838	0	3.80953	7.21411	7.72586	7.08203	9.91699	10.9664	13.7226	16.2659	
17.9367	14.398	12.3001	8.80164	8.97464	5.52023	3.80953	0	3.83602	5.18809	6.22963	9.4334	10.959	14.366	16.8094	
17.7354	14.0808	12.655	9.32989	10.0116	7.48305	7.21411	3.83602	0	3.80452	5.55584	8.04052	9.71369	13.4517	15.6926	
19.1684	15.3505	13.2627	9.59033	8.84798	6.49375	7.72586	5.18809	3.80452	0	3.83419	7.09429	10.0494	13.4425	16.3622	
16.0067	12.1816	9.79561	6.18891	5.38996	4.42736	7.08203	6.22963	5.55584	3.83419	0	3.79681	6.81637	9.89575	13.0737	
13.678	9.93895	8.11332	5.57482	5.82718	7.07783	9.91699	9.4334	8.04052	7.09429	3.79681	0	3.79877	6.56494	9.78815	
10.0117	6.32931	5.49671	4.67838	7.00937	8.83818	10.9664	10.959	9.71369	10.0494	6.81637	3.79877	0	3.79244	6.31902	
8.43952	5.57617	5.18861	6.49482	8.37302	11.2915	13.7226	14.366	13.4517	13.4425	9.89575	6.56494	3.79244	0	3.79798	
6.03483	4.60017	6.68336	9.14572	11.7653	14.4065	16.2659	16.8094	15.6926	16.3622	13.0737	9.78815	6.31902	3.79798	0	

