2po6	
CYS	ALA	SER	SER	GLY	LEU	ARG	ASP	ARG	GLY	LEU	TYR	GLU	GLN	TYR	PHE	
0	3.81665	7.27831	10.8107	13.9725	17.3541	18.1026	21.7192	23.7177	22.3276	19.652	16.1123	14.1403	10.4496	8.54992	5.8012	
3.81665	0	3.80314	7.07791	10.3547	13.676	14.5662	18.0988	19.9704	18.5127	15.8604	12.3062	10.4129	6.80699	5.38971	4.21613	
7.27831	3.80314	0	3.79749	6.73623	10.2854	11.7175	15.2281	17.1723	15.4867	13.1839	9.42784	8.38246	5.64574	5.31875	6.65996	
10.8107	7.07791	3.79749	0	3.81586	7.17091	9.20093	12.3004	13.8034	11.8116	9.46845	5.6806	5.48665	4.31383	6.14185	8.93769	
13.9725	10.3547	6.73623	3.81586	0	3.80764	6.53324	9.48956	11.3866	9.52093	8.35385	4.95186	6.1939	7.06848	8.45899	11.7883	
17.3541	13.676	10.2854	7.17091	3.80764	0	3.80305	5.88289	7.87257	6.50681	6.69252	4.87719	6.64244	9.13152	10.6271	14.3323	
18.1026	14.5662	11.7175	9.20093	6.53324	3.80305	0	3.81492	7.03459	7.6139	8.24371	7.18125	7.16008	9.79817	10.406	14.1525	
21.7192	18.0988	15.2281	12.3004	9.48956	5.88289	3.81492	0	3.83655	5.88565	8.01561	8.69765	9.34992	12.6747	13.7913	17.5726	
23.7177	19.9704	17.1723	13.8034	11.3866	7.87257	7.03459	3.83655	0	3.82443	6.5947	8.91893	10.087	13.8322	15.7414	19.5124	
22.3276	18.5127	15.4867	11.8116	9.52093	6.50681	7.6139	5.88565	3.82443	0	3.81497	6.44902	8.86754	12.4978	15.0531	18.7813	
19.652	15.8604	13.1839	9.46845	8.35385	6.69252	8.24371	8.01561	6.5947	3.81497	0	3.80421	6.13337	9.58476	12.6943	16.1998	
16.1123	12.3062	9.42784	5.6806	4.95186	4.87719	7.18125	8.69765	8.91893	6.44902	3.80421	0	3.8107	6.57236	9.6121	13.0839	
14.1403	10.4129	8.38246	5.48665	6.1939	6.64244	7.16008	9.34992	10.087	8.86754	6.13337	3.8107	0	3.80656	6.63396	10.1363	
10.4496	6.80699	5.64574	4.31383	7.06848	9.13152	9.79817	12.6747	13.8322	12.4978	9.58476	6.57236	3.80656	0	3.83169	6.73362	
8.54992	5.38971	5.31875	6.14185	8.45899	10.6271	10.406	13.7913	15.7414	15.0531	12.6943	9.6121	6.63396	3.83169	0	3.82415	
5.8012	4.21613	6.65996	8.93769	11.7883	14.3323	14.1525	17.5726	19.5124	18.7813	16.1998	13.0839	10.1363	6.73362	3.82415	0	

