2pye	
CYS	ALA	SER	SER	TYR	LEU	GLY	ASN	THR	GLY	GLU	LEU	PHE	PHE	
0	3.80185	6.96179	10.7042	14.2472	16.1083	19.0015	19.9489	18.6844	15.6029	13.8173	10.1946	8.45954	5.98033	
3.80185	0	3.82986	7.18222	10.8628	12.799	15.4591	16.2713	14.8969	11.8219	10.0648	6.49519	5.3513	4.39838	
6.96179	3.82986	0	3.86454	7.30877	9.60057	12.2401	13.1923	12.5147	9.45063	8.48256	5.88384	5.32428	6.80561	
10.7042	7.18222	3.86454	0	3.76629	6.44631	8.53329	9.34113	8.89962	5.92549	5.84439	5.03305	6.14535	9.16058	
14.2472	10.8628	7.30877	3.76629	0	3.79124	5.27303	6.5799	7.61093	5.27357	7.11621	8.03949	9.54473	12.8453	
16.1083	12.799	9.60057	6.44631	3.79124	0	3.79074	7.04377	8.40504	5.76025	8.91711	9.96296	12.3621	15.3627	
19.0015	15.4591	12.2401	8.53329	5.27303	3.79074	0	3.83613	6.26012	5.48774	9.01539	11.3319	13.8035	17.2642	
19.9489	16.2713	13.1923	9.34113	6.5799	7.04377	3.83613	0	3.86797	5.54059	8.08593	11.2468	13.3562	17.1208	
18.6844	14.8969	12.5147	8.89962	7.61093	8.40504	6.26012	3.86797	0	3.84155	5.30017	8.9503	11.4694	15.1136	
15.6029	11.8219	9.45063	5.92549	5.27357	5.76025	5.48774	5.54059	3.84155	0	3.79307	6.40168	9.47882	12.8602	
13.8173	10.0648	8.48256	5.84439	7.11621	8.91711	9.01539	8.08593	5.30017	3.79307	0	3.76177	6.53813	9.9464	
10.1946	6.49519	5.88384	5.03305	8.03949	9.96296	11.3319	11.2468	8.9503	6.40168	3.76177	0	3.89095	6.62298	
8.45954	5.3513	5.32428	6.14535	9.54473	12.3621	13.8035	13.3562	11.4694	9.47882	6.53813	3.89095	0	3.86305	
5.98033	4.39838	6.80561	9.16058	12.8453	15.3627	17.2642	17.1208	15.1136	12.8602	9.9464	6.62298	3.86305	0	

