2pye	
CYS	ALA	VAL	ARG	PRO	LEU	LEU	ASP	GLY	THR	TYR	ILE	PRO	THR	PHE	
0	3.81821	7.12866	10.6899	13.8219	16.637	19.5808	19.496	20.7064	18.8055	16.0321	14.0042	10.1702	8.5494	6.10894	
3.81821	0	3.81915	7.06957	10.2772	13.3392	16.143	15.8782	16.9279	15.0008	12.2364	10.2888	6.45633	5.36173	4.45297	
7.12866	3.81915	0	3.8481	6.73593	9.5746	12.4989	12.6789	13.8969	12.6091	9.85729	8.84006	5.55073	5.50034	6.98976	
10.6899	7.06957	3.8481	0	3.86134	6.75335	9.59436	9.7891	10.3758	9.33782	6.31687	6.44998	4.58274	6.64755	9.38196	
13.8219	10.2772	6.73593	3.86134	0	3.82514	5.91043	6.25972	7.63953	7.64964	5.95253	7.09515	6.97527	8.48432	11.8963	
16.637	13.3392	9.5746	6.75335	3.82514	0	3.81322	6.5015	7.59117	9.29127	7.95182	10.3037	10.5547	12.2516	15.5164	
19.5808	16.143	12.4989	9.59436	5.91043	3.81322	0	3.90769	5.64472	8.38787	8.72954	11.1705	12.4428	13.9474	17.5593	
19.496	15.8782	12.6789	9.7891	6.25972	6.5015	3.90769	0	3.84949	5.63784	7.41723	9.10755	11.18	12.5013	16.3067	
20.7064	16.9279	13.8969	10.3758	7.63953	7.59117	5.64472	3.84949	0	3.84449	5.86669	8.62908	11.4542	13.7582	17.4895	
18.8055	15.0008	12.6091	9.33782	7.64964	9.29127	8.38787	5.63784	3.84449	0	3.87709	5.4181	8.8789	11.2697	14.8743	
16.0321	12.2364	9.85729	6.31687	5.95253	7.95182	8.72954	7.41723	5.86669	3.87709	0	3.82807	6.37732	9.60405	12.9272	
14.0042	10.2888	8.84006	6.44998	7.09515	10.3037	11.1705	9.10755	8.62908	5.4181	3.82807	0	3.8434	6.66621	9.86823	
10.1702	6.45633	5.55073	4.58274	6.97527	10.5547	12.4428	11.18	11.4542	8.8789	6.37732	3.8434	0	3.8188	6.60583	
8.5494	5.36173	5.50034	6.64755	8.48432	12.2516	13.9474	12.5013	13.7582	11.2697	9.60405	6.66621	3.8188	0	3.82138	
6.10894	4.45297	6.98976	9.38196	11.8963	15.5164	17.5593	16.3067	17.4895	14.8743	12.9272	9.86823	6.60583	3.82138	0	

