2vlj	
CYS	ALA	SER	SER	SER	ARG	SER	SER	TYR	GLU	GLN	TYR	PHE	
0	3.79073	7.11896	10.7296	14.0922	15.1128	13.9775	15.0113	14.9238	13.3081	9.53996	8.44928	5.74009	
3.79073	0	3.81891	7.13152	10.6552	11.8906	11.1456	12.0502	11.4249	9.68914	5.91404	5.17283	4.05163	
7.11896	3.81891	0	3.79388	6.97467	8.41482	8.43913	10.1094	9.20087	8.25489	5.22755	5.50905	6.78528	
10.7296	7.13152	3.79388	0	3.81988	5.37424	6.37363	7.8229	6.08179	5.80989	4.62504	6.40254	9.19192	
14.0922	10.6552	6.97467	3.81988	0	3.90009	7.00457	9.08657	7.09531	7.90681	8.07435	9.46944	12.5786	
15.1128	11.8906	8.41482	5.37424	3.90009	0	3.78449	6.39264	5.85731	8.42308	9.17943	11.699	14.4618	
13.9775	11.1456	8.43913	6.37363	7.00457	3.78449	0	3.86197	5.59045	8.49737	8.89088	12.0329	14.1294	
15.0113	12.0502	10.1094	7.8229	9.08657	6.39264	3.86197	0	3.79233	6.96713	8.43131	12.1592	14.327	
14.9238	11.4249	9.20087	6.08179	7.09531	5.85731	5.59045	3.79233	0	3.86514	6.48017	9.9935	12.9048	
13.3081	9.68914	8.25489	5.80989	7.90681	8.42308	8.49737	6.96713	3.86514	0	3.83355	6.96055	10.0582	
9.53996	5.91404	5.22755	4.62504	8.07435	9.17943	8.89088	8.43131	6.48017	3.83355	0	3.83027	6.4541	
8.44928	5.17283	5.50905	6.40254	9.46944	11.699	12.0329	12.1592	9.9935	6.96055	3.83027	0	3.82598	
5.74009	4.05163	6.78528	9.19192	12.5786	14.4618	14.1294	14.327	12.9048	10.0582	6.4541	3.82598	0	

