2vlj	
CYS	ALA	GLY	ALA	GLY	SER	GLN	GLY	ASN	LEU	ILE	PHE	
0	3.88049	7.14889	10.8217	12.6392	16.2665	17.5751	16.532	13.3501	9.49059	8.26298	5.79952	
3.88049	0	3.78664	7.16921	8.89625	12.5809	13.7945	12.672	9.6099	5.75574	5.06149	4.25192	
7.14889	3.78664	0	3.80151	6.19166	9.56734	11.5092	10.5854	8.42418	5.24133	5.15775	6.79855	
10.8217	7.16921	3.80151	0	3.79306	6.57119	8.65381	7.48851	6.50883	5.07786	6.51232	9.42899	
12.6392	8.89625	6.19166	3.79306	0	3.75044	5.4223	5.68638	5.04122	5.17522	5.74302	9.47212	
16.2665	12.5809	9.56734	6.57119	3.75044	0	3.82717	5.71276	7.23017	8.70289	9.25151	13.0417	
17.5751	13.7945	11.5092	8.65381	5.4223	3.82717	0	3.81829	5.86695	8.75948	9.8176	13.4752	
16.532	12.672	10.5854	7.48851	5.68638	5.71276	3.81829	0	3.80243	7.21095	9.68502	13.0272	
13.3501	9.6099	8.42418	6.50883	5.04122	7.23017	5.86695	3.80243	0	3.86429	6.60196	9.53348	
9.49059	5.75574	5.24133	5.07786	5.17522	8.70289	8.75948	7.21095	3.86429	0	3.80893	6.22316	
8.26298	5.06149	5.15775	6.51232	5.74302	9.25151	9.8176	9.68502	6.60196	3.80893	0	3.80063	
5.79952	4.25192	6.79855	9.42899	9.47212	13.0417	13.4752	13.0272	9.53348	6.22316	3.80063	0	

