2vlk	
CYS	ALA	GLY	ALA	GLY	SER	GLN	GLY	ASN	LEU	ILE	PHE	
0	3.77797	6.93373	10.5525	12.5483	16.141	17.5217	16.4647	13.2764	9.51395	8.30559	6.05798	
3.77797	0	3.80105	7.08338	8.91092	12.5835	13.8147	12.695	9.58223	5.81474	5.12696	4.40394	
6.93373	3.80105	0	3.78656	6.2407	9.56254	11.5542	10.724	8.48225	5.2818	5.07219	6.84537	
10.5525	7.08338	3.78656	0	3.825	6.60809	8.70282	7.62172	6.50119	4.94453	6.39248	9.40656	
12.5483	8.91092	6.2407	3.825	0	3.76488	5.38336	5.68012	4.91308	4.88765	5.65809	9.46448	
16.141	12.5835	9.56254	6.60809	3.76488	0	3.86342	5.83793	7.22511	8.48623	9.15196	13.022	
17.5217	13.8147	11.5542	8.70282	5.38336	3.86342	0	3.84317	5.85934	8.57561	9.8119	13.4709	
16.4647	12.695	10.724	7.62172	5.68012	5.83793	3.84317	0	3.78331	7.12387	9.74726	13.0526	
13.2764	9.58223	8.48225	6.50119	4.91308	7.22511	5.85934	3.78331	0	3.77496	6.66911	9.53501	
9.51395	5.81474	5.2818	4.94453	4.88765	8.48623	8.57561	7.12387	3.77496	0	3.78136	6.27412	
8.30559	5.12696	5.07219	6.39248	5.65809	9.15196	9.8119	9.74726	6.66911	3.78136	0	3.87299	
6.05798	4.40394	6.84537	9.40656	9.46448	13.022	13.4709	13.0526	9.53501	6.27412	3.87299	0	

