2vlr	
CYS	ALA	GLY	ALA	GLY	SER	GLN	GLY	ASN	LEU	ILE	PHE	
0	3.88151	7.11689	10.8203	12.8092	16.4945	17.8069	16.6653	13.5282	9.67692	8.5593	6.13916	
3.88151	0	3.83154	7.21817	9.08361	12.8408	14.0232	12.7901	9.74005	5.88989	5.28717	4.36012	
7.11689	3.83154	0	3.82527	6.34594	9.81367	11.7369	10.6758	8.51404	5.28541	5.22613	6.8141	
10.8203	7.21817	3.82527	0	3.84006	6.78518	8.84806	7.5221	6.47819	4.97868	6.41364	9.35235	
12.8092	9.08361	6.34594	3.84006	0	3.81805	5.49409	5.60969	5.11479	5.16586	5.67508	9.45982	
16.4945	12.8408	9.81367	6.78518	3.81805	0	3.86373	5.70613	7.37192	8.76617	9.19668	13.0486	
17.8069	14.0232	11.7369	8.84806	5.49409	3.86373	0	3.89128	6.05343	8.82288	9.74351	13.4232	
16.6653	12.7901	10.6758	7.5221	5.60969	5.70613	3.89128	0	3.75311	7.16252	9.57158	12.9356	
13.5282	9.74005	8.51404	6.47819	5.11479	7.37192	6.05343	3.75311	0	3.85561	6.67208	9.55758	
9.67692	5.88989	5.28541	4.97868	5.16586	8.76617	8.82288	7.16252	3.85561	0	3.85477	6.23661	
8.5593	5.28717	5.22613	6.41364	5.67508	9.19668	9.74351	9.57158	6.67208	3.85477	0	3.8565	
6.13916	4.36012	6.8141	9.35235	9.45982	13.0486	13.4232	12.9356	9.55758	6.23661	3.8565	0	

