2vlr	
CYS	ALA	SER	SER	SER	ARG	ALA	SER	TYR	GLU	GLN	TYR	PHE	
0	3.83654	7.18153	10.717	14.1431	15.356	14.1	15.0827	15.0829	13.3752	9.60018	8.60409	5.91368	
3.83654	0	3.81141	7.07495	10.6436	12.0562	11.1527	12.0278	11.4993	9.70532	5.93662	5.33073	4.23058	
7.18153	3.81141	0	3.77392	6.97059	8.70194	8.68201	10.3463	9.41309	8.33893	5.30314	5.41925	6.7191	
10.717	7.07495	3.77392	0	3.83784	5.48406	6.24684	7.80317	6.18335	5.96744	4.73826	6.49043	9.23244	
14.1431	10.6436	6.97059	3.83784	0	3.88486	6.9218	9.09465	7.07466	7.92668	8.09974	9.42399	12.558	
15.356	12.0562	8.70194	5.48406	3.88486	0	3.87775	6.62671	6.06498	8.66887	9.40205	11.8588	14.6676	
14.1	11.1527	8.68201	6.24684	6.9218	3.87775	0	3.90792	5.63364	8.53785	8.88773	12.0623	14.2159	
15.0827	12.0278	10.3463	7.80317	9.09465	6.62671	3.90792	0	3.88371	7.01822	8.39713	12.1858	14.3784	
15.0829	11.4993	9.41309	6.18335	7.07466	6.06498	5.63364	3.88371	0	3.91854	6.51946	10.02	12.9732	
13.3752	9.70532	8.33893	5.96744	7.92668	8.66887	8.53785	7.01822	3.91854	0	3.82202	6.91582	10.0186	
9.60018	5.93662	5.30314	4.73826	8.09974	9.40205	8.88773	8.39713	6.51946	3.82202	0	3.90432	6.4729	
8.60409	5.33073	5.41925	6.49043	9.42399	11.8588	12.0623	12.1858	10.02	6.91582	3.90432	0	3.84074	
5.91368	4.23058	6.7191	9.23244	12.558	14.6676	14.2159	14.3784	12.9732	10.0186	6.4729	3.84074	0	

