2wbj	
CYS	SER	ALA	ARG	ASP	LEU	THR	SER	GLY	ALA	ASN	ASN	GLU	GLN	PHE	PHE	
0	3.79787	6.99782	10.4935	13.3621	15.9345	18.754	18.1009	19.6137	21.086	19.328	15.8722	13.8816	10.1326	8.40961	5.75906	
3.79787	0	3.80623	6.96009	9.88696	12.6593	15.2709	14.3733	15.9951	17.4573	15.6092	12.2193	10.1002	6.36257	5.19819	4.15685	
6.99782	3.80623	0	3.80664	6.42805	8.997	11.7703	11.4096	13.0924	15.1586	13.7288	10.4261	8.33247	5.17701	5.38419	6.65001	
10.4935	6.96009	3.80664	0	3.79	5.95951	8.64283	7.86806	9.29131	11.4391	10.3143	7.0982	5.5937	4.0894	6.62296	9.27079	
13.3621	9.88696	6.42805	3.79	0	3.79934	5.43781	5.67859	8.15287	11.0195	9.95267	7.85095	5.87066	6.00369	8.00098	11.2794	
15.9345	12.6593	8.997	5.95951	3.79934	0	3.80839	5.45342	6.45794	10.0218	10.3291	8.61323	8.22963	9.12835	11.624	14.7207	
18.754	15.2709	11.7703	8.64283	5.43781	3.80839	0	3.82062	5.83531	9.33753	9.4853	9.17845	8.65097	10.6434	13.0245	16.5477	
18.1009	14.3733	11.4096	7.86806	5.67859	5.45342	3.82062	0	3.79599	6.35269	5.71602	5.80922	5.76356	8.74169	11.6993	15.3741	
19.6137	15.9951	13.0924	9.29131	8.15287	6.45794	5.83531	3.79599	0	3.79235	5.58873	5.82082	7.85025	10.7632	14.2343	17.6579	
21.086	17.4573	15.1586	11.4391	11.0195	10.0218	9.33753	6.35269	3.79235	0	3.81802	5.5203	8.60869	11.9067	15.5424	18.854	
19.328	15.6092	13.7288	10.3143	9.95267	10.3291	9.4853	5.71602	5.58873	3.81802	0	3.75052	5.92259	9.54536	12.9066	16.2842	
15.8722	12.2193	10.4261	7.0982	7.85095	8.61323	9.17845	5.80922	5.82082	5.5203	3.75052	0	3.8024	6.62669	10.3298	13.4484	
13.8816	10.1002	8.33247	5.5937	5.87066	8.22963	8.65097	5.76356	7.85025	8.60869	5.92259	3.8024	0	3.78601	7.04458	10.5468	
10.1326	6.36257	5.17701	4.0894	6.00369	9.12835	10.6434	8.74169	10.7632	11.9067	9.54536	6.62669	3.78601	0	3.80059	6.98288	
8.40961	5.19819	5.38419	6.62296	8.00098	11.624	13.0245	11.6993	14.2343	15.5424	12.9066	10.3298	7.04458	3.80059	0	3.80684	
5.75906	4.15685	6.65001	9.27079	11.2794	14.7207	16.5477	15.3741	17.6579	18.854	16.2842	13.4484	10.5468	6.98288	3.80684	0	

