2wbj	
CYS	ALA	THR	ASP	THR	THR	SER	GLY	THR	TYR	LYS	TYR	ILE	PHE	
0	3.8108	6.90531	10.6477	13.2525	16.1682	19.5824	18.2608	17.7935	15.8236	13.3387	9.56736	8.54452	5.98085	
3.8108	0	3.80194	7.19674	10.1358	13.2446	16.3908	14.7565	14.0382	12.0634	9.5427	5.77662	5.33893	4.31924	
6.90531	3.80194	0	3.81882	6.52095	9.46235	12.724	11.4602	11.3486	9.85657	8.01642	4.90704	5.42072	6.63761	
10.6477	7.19674	3.81882	0	3.79455	6.53941	9.31481	7.86569	7.75337	6.59258	5.71854	4.48047	6.45364	9.22399	
13.2525	10.1358	6.52095	3.79455	0	3.80812	6.55034	5.62247	7.28554	8.00829	7.66684	7.58528	8.42207	11.4177	
16.1682	13.2446	9.46235	6.53941	3.80812	0	3.83526	5.34305	8.07597	9.18711	10.2735	10.7431	12.143	15.0692	
19.5824	16.3908	12.724	9.31481	6.55034	3.83526	0	3.81574	7.17664	9.45862	11.2854	12.8771	14.4305	17.7692	
18.2608	14.7565	11.4602	7.86569	5.62247	5.34305	3.81574	0	3.7951	6.84185	8.16557	10.3852	11.8568	15.4847	
17.7935	14.0382	11.3486	7.75337	7.28554	8.07597	7.17664	3.7951	0	3.82662	5.55507	8.73976	10.8444	14.5813	
15.8236	12.0634	9.85657	6.59258	8.00829	9.18711	9.45862	6.84185	3.82662	0	3.82564	6.69841	9.8441	13.2354	
13.3387	9.5427	8.01642	5.71854	7.66684	10.2735	11.2854	8.16557	5.55507	3.82564	0	3.77686	6.36226	9.82267	
9.56736	5.77662	4.90704	4.48047	7.58528	10.7431	12.8771	10.3852	8.73976	6.69841	3.77686	0	3.80528	6.62926	
8.54452	5.33893	5.42072	6.45364	8.42207	12.143	14.4305	11.8568	10.8444	9.8441	6.36226	3.80528	0	3.792	
5.98085	4.31924	6.63761	9.22399	11.4177	15.0692	17.7692	15.4847	14.5813	13.2354	9.82267	6.62926	3.792	0	

