2ypl	
CYS	ALA	VAL	SER	GLY	GLY	TYR	GLN	LYS	VAL	THR	PHE	
0	3.78005	6.92632	10.4891	13.9544	15.4887	17.058	13.7749	13.7601	10.0617	8.56994	6.09769	
3.78005	0	3.79884	6.97696	10.6168	11.991	13.4392	10.2278	9.99366	6.31977	5.37953	4.18768	
6.92632	3.79884	0	3.77731	7.04372	9.02328	11.2619	8.83454	8.31866	5.35235	5.32872	6.63744	
10.4891	6.97696	3.77731	0	3.78997	5.34909	7.75355	6.11247	5.52493	4.27713	6.28201	8.91114	
13.9544	10.6168	7.04372	3.78997	0	3.80846	7.27352	7.59976	6.7381	7.33043	9.24594	12.3749	
15.4887	11.991	9.02328	5.34909	3.80846	0	3.83839	5.2656	5.91979	7.74438	10.838	13.7249	
17.058	13.4392	11.2619	7.75355	7.27352	3.83839	0	3.81993	5.27398	8.20167	11.7987	14.49	
13.7749	10.2278	8.83454	6.11247	7.59976	5.2656	3.81993	0	3.8347	5.34781	9.14109	11.2285	
13.7601	9.99366	8.31866	5.52493	6.7381	5.91979	5.27398	3.8347	0	3.76433	6.95445	9.93208	
10.0617	6.31977	5.35235	4.27713	7.33043	7.74438	8.20167	5.34781	3.76433	0	3.79331	6.35277	
8.56994	5.37953	5.32872	6.28201	9.24594	10.838	11.7987	9.14109	6.95445	3.79331	0	3.78691	
6.09769	4.18768	6.63744	8.91114	12.3749	13.7249	14.49	11.2285	9.93208	6.35277	3.78691	0	

