2ypl	
CYS	ALA	SER	THR	GLY	SER	TYR	GLY	TYR	THR	PHE	
0	3.82231	7.23899	10.8507	14.0998	16.6475	16.6335	13.5721	9.90265	8.59898	5.88315	
3.82231	0	3.81521	7.13985	10.4848	12.8613	12.8652	9.97486	6.33239	5.54364	4.40394	
7.23899	3.81521	0	3.81559	6.96139	9.83327	10.6922	8.73801	5.68493	5.29174	6.61224	
10.8507	7.13985	3.81559	0	3.8017	6.24483	7.38203	6.46567	5.04311	6.24386	9.04401	
14.0998	10.4848	6.96139	3.8017	0	3.81515	6.7956	7.68661	7.50787	8.09641	11.5473	
16.6475	12.8613	9.83327	6.24483	3.81515	0	3.8362	6.41472	8.07948	9.60668	13.3066	
16.6335	12.8652	10.6922	7.38203	6.7956	3.8362	0	3.78368	6.97927	9.58984	12.9719	
13.5721	9.97486	8.73801	6.46567	7.68661	6.41472	3.78368	0	3.7816	7.04427	9.86818	
9.90265	6.33239	5.68493	5.04311	7.50787	8.07948	6.97927	3.7816	0	3.78199	6.26551	
8.59898	5.54364	5.29174	6.24386	8.09641	9.60668	9.58984	7.04427	3.78199	0	3.80837	
5.88315	4.40394	6.61224	9.04401	11.5473	13.3066	12.9719	9.86818	6.26551	3.80837	0	

