3d39	
CYS	ALA	VAL	THR	THR	ASP	SER	TRP	GLY	LYS	LEU	GLN	PHE	
0	3.78414	6.92282	10.5775	14.0911	16.2874	17.6347	18.4525	15.887	13.5302	9.85803	8.16518	5.71323	
3.78414	0	3.77398	7.01501	10.7081	12.6362	13.8905	14.682	12.2152	10.0199	6.3046	5.42056	4.59249	
6.92282	3.77398	0	3.83275	7.17056	9.65332	11.7097	12.5244	9.78388	8.63545	5.64308	5.07513	6.65375	
10.5775	7.01501	3.83275	0	3.82101	5.89687	8.17886	8.94759	6.37762	6.4029	4.86735	6.1458	9.09651	
14.0911	10.7081	7.17056	3.82101	0	3.78945	7.4071	8.10417	5.83595	7.9246	8.0284	9.23903	12.5765	
16.2874	12.6362	9.65332	5.89687	3.78945	0	3.87207	5.40262	5.08018	7.93374	8.83904	11.2676	14.5632	
17.6347	13.8905	11.7097	8.17886	7.4071	3.87207	0	3.7505	5.85478	8.05143	9.34675	12.6263	15.6197	
18.4525	14.682	12.5244	8.94759	8.10417	5.40262	3.7505	0	3.7578	6.31288	9.02628	12.0156	15.3155	
15.887	12.2152	9.78388	6.37762	5.83595	5.08018	5.85478	3.7578	0	3.84564	6.63201	8.87049	12.4654	
13.5302	10.0199	8.63545	6.4029	7.9246	7.93374	8.05143	6.31288	3.84564	0	3.79652	6.19375	9.40035	
9.85803	6.3046	5.64308	4.86735	8.0284	8.83904	9.34675	9.02628	6.63201	3.79652	0	3.776	6.38658	
8.16518	5.42056	5.07513	6.1458	9.23903	11.2676	12.6263	12.0156	8.87049	6.19375	3.776	0	3.80051	
5.71323	4.59249	6.65375	9.09651	12.5765	14.5632	15.6197	15.3155	12.4654	9.40035	6.38658	3.80051	0	

