3d39	
CYS	ALA	SER	ARG	PRO	GLY	LEU	ALA	GLY	GLY	ARG	PRO	GLU	GLN	TYR	PHE	
0	3.77966	6.9949	10.579	13.9191	15.4116	19.0149	18.8869	19.2824	19.2313	18.6785	16.5934	14.0333	10.281	8.58409	5.71769	
3.77966	0	3.76192	7.01509	10.584	12.2639	15.9059	15.9006	15.9756	15.6252	14.9656	12.8152	10.3217	6.57724	5.50757	4.07571	
6.9949	3.76192	0	3.80143	6.96119	8.99689	12.4678	12.1799	12.3261	12.3103	12.0863	10.4012	8.58853	5.46224	5.37853	6.33607	
10.579	7.01509	3.80143	0	3.84406	5.93787	9.34894	9.49133	9.30614	8.68281	8.71521	6.92015	6.15131	4.4515	6.52482	8.95303	
13.9191	10.584	6.96119	3.84406	0	3.82727	6.19336	5.71692	5.67555	5.84156	7.13915	6.7386	7.64941	7.63693	9.58704	12.3953	
15.4116	12.2639	8.99689	5.93787	3.82727	0	3.76988	5.62285	7.14045	6.52382	9.01529	7.90803	9.83123	9.78629	12.4137	14.8186	
19.0149	15.9059	12.4678	9.34894	6.19336	3.76988	0	3.78602	6.03406	5.98285	9.52902	9.5577	12.2837	13.0232	15.602	18.2795	
18.8869	15.9006	12.1799	9.49133	5.71692	5.62285	3.78602	0	3.79284	6.14487	9.31134	10.4361	12.5688	13.2873	15.0944	17.8888	
19.2824	15.9756	12.3261	9.30614	5.67555	7.14045	6.03406	3.79284	0	3.81731	6.21534	8.42248	10.5412	12.1241	13.8639	17.148	
19.2313	15.6252	12.3103	8.68281	5.84156	6.52382	5.98285	6.14487	3.81731	0	3.77456	5.36879	8.44372	10.7062	13.2884	16.7164	
18.6785	14.9656	12.0863	8.71521	7.13915	9.01529	9.52902	9.31134	6.21534	3.77456	0	3.75389	6.01124	9.13982	11.4767	15.158	
16.5934	12.8152	10.4012	6.92015	6.7386	7.90803	9.5577	10.4361	8.42248	5.36879	3.75389	0	3.8209	6.73982	9.96361	13.3435	
14.0333	10.3217	8.58853	6.15131	7.64941	9.83123	12.2837	12.5688	10.5412	8.44372	6.01124	3.8209	0	3.78291	6.57567	10.0078	
10.281	6.57724	5.46224	4.4515	7.63693	9.78629	13.0232	13.2873	12.1241	10.7062	9.13982	6.73982	3.78291	0	3.82759	6.68571	
8.58409	5.50757	5.37853	6.52482	9.58704	12.4137	15.602	15.0944	13.8639	13.2884	11.4767	9.96361	6.57567	3.82759	0	3.76373	
5.71769	4.07571	6.33607	8.95303	12.3953	14.8186	18.2795	17.8888	17.148	16.7164	15.158	13.3435	10.0078	6.68571	3.76373	0	

