3d3v	
CYS	ALA	VAL	THR	THR	ASP	SER	TRP	GLY	LYS	LEU	GLN	PHE	
0	3.79619	6.93142	10.5768	14.0937	16.3492	17.6661	18.2951	15.9398	13.7001	10.0814	8.34544	5.87611	
3.79619	0	3.7879	7.01625	10.699	12.7602	14.0159	14.5069	12.1764	10.0544	6.40494	5.28222	4.24591	
6.93142	3.7879	0	3.8375	7.16518	9.70492	11.7232	12.4081	9.84075	8.77973	5.79809	5.21553	6.66396	
10.5768	7.01625	3.8375	0	3.80977	5.95774	8.17778	8.82448	6.40695	6.49925	4.84931	6.16153	8.9867	
14.0937	10.699	7.16518	3.80977	0	3.78104	7.328	7.99973	5.74619	7.81529	7.86745	9.14773	12.437	
16.3492	12.7602	9.70492	5.95774	3.78104	0	3.82968	5.41554	5.16343	8.11441	8.84397	11.3281	14.5066	
17.6661	14.0159	11.7232	8.17778	7.328	3.82968	0	3.75318	5.97637	8.40293	9.39042	12.7126	15.5343	
18.2951	14.5069	12.4081	8.82448	7.99973	5.41554	3.75318	0	3.76791	6.31671	8.71916	11.8671	14.9945	
15.9398	12.1764	9.84075	6.40695	5.74619	5.16343	5.97637	3.76791	0	3.79032	6.45573	8.83002	12.3361	
13.7001	10.0544	8.77973	6.49925	7.81529	8.11441	8.40293	6.31671	3.79032	0	3.77737	6.1223	9.28407	
10.0814	6.40494	5.79809	4.84931	7.86745	8.84397	9.39042	8.71916	6.45573	3.77737	0	3.79278	6.30978	
8.34544	5.28222	5.21553	6.16153	9.14773	11.3281	12.7126	11.8671	8.83002	6.1223	3.79278	0	3.80087	
5.87611	4.24591	6.66396	8.9867	12.437	14.5066	15.5343	14.9945	12.3361	9.28407	6.30978	3.80087	0	

