3d3v	
CYS	ALA	SER	ARG	PRO	GLY	LEU	ALA	GLY	GLY	ARG	PRO	GLU	GLN	TYR	PHE	
0	3.69435	6.7733	10.3667	13.7139	15.3565	18.8016	18.884	19.5863	18.852	18.3136	16.4507	14.077	10.2991	8.29553	5.64439	
3.69435	0	3.83442	6.98329	10.5985	12.2458	15.8415	16.1233	16.4872	15.6059	14.7961	12.7741	10.5099	6.69178	5.40213	4.23327	
6.7733	3.83442	0	3.82152	6.96131	9.029	12.4411	12.3707	12.8353	12.2547	12.0497	10.5	8.85283	5.55557	5.08635	6.29827	
10.3667	6.98329	3.82152	0	3.87735	5.70386	9.25719	9.6469	9.73898	9.27815	8.87517	7.08043	6.54718	4.45861	6.33473	8.97905	
13.7139	10.5985	6.96131	3.87735	0	3.75283	6.2845	5.89605	6.02154	6.39839	7.35439	6.87702	7.75605	7.43477	9.22077	12.2645	
15.3565	12.2458	9.029	5.70386	3.75283	0	3.75219	5.7531	6.87165	8.37285	8.91874	7.47793	9.60438	9.34231	11.9021	14.6773	
18.8016	15.8415	12.4411	9.25719	6.2845	3.75219	0	3.83934	5.83978	8.68934	10.1699	9.69814	12.4496	12.8261	15.2873	18.197	
18.884	16.1233	12.3707	9.6469	5.89605	5.7531	3.83934	0	3.79285	7.10959	9.86099	10.6444	12.7457	13.2395	14.9568	17.9622	
19.5863	16.4872	12.8353	9.73898	6.02154	6.87165	5.83978	3.79285	0	3.63547	6.71755	8.5474	10.7391	12.2447	14.1135	17.5519	
18.852	15.6059	12.2547	9.27815	6.39839	8.37285	8.68934	7.10959	3.63547	0	3.80167	6.79226	8.27194	10.4927	12.1938	15.8535	
18.3136	14.7961	12.0497	8.87517	7.35439	8.91874	10.1699	9.86099	6.71755	3.80167	0	3.85021	5.47715	8.64767	10.9942	14.7378	
16.4507	12.7741	10.5	7.08043	6.87702	7.47793	9.69814	10.6444	8.5474	6.79226	3.85021	0	3.86686	6.52167	9.83233	13.3134	
14.077	10.5099	8.85283	6.54718	7.75605	9.60438	12.4496	12.7457	10.7391	8.27194	5.47715	3.86686	0	3.84458	6.58219	10.0814	
10.2991	6.69178	5.55557	4.45861	7.43477	9.34231	12.8261	13.2395	12.2447	10.4927	8.64767	6.52167	3.84458	0	3.78814	6.86498	
8.29553	5.40213	5.08635	6.33473	9.22077	11.9021	15.2873	14.9568	14.1135	12.1938	10.9942	9.83233	6.58219	3.78814	0	3.75678	
5.64439	4.23327	6.29827	8.97905	12.2645	14.6773	18.197	17.9622	17.5519	15.8535	14.7378	13.3134	10.0814	6.86498	3.75678	0	

