3dxa	
CYS	ILE	VAL	TRP	GLY	GLY	TYR	GLN	LYS	VAL	THR	PHE	
0	3.797	7.03852	10.0033	13.4948	15.4419	17.4107	15.4915	13.8895	10.2867	9.17983	7.23621	
3.797	0	3.80065	6.53736	10.0541	12.0469	13.8629	11.7742	10.4327	7.10892	6.49939	6.15318	
7.03852	3.80065	0	3.81162	6.66138	9.32598	11.7284	9.958	9.89732	7.65555	8.01236	9.19622	
10.0033	6.53736	3.81162	0	3.80826	5.6059	8.04846	6.95022	7.75891	6.60762	8.63538	10.5748	
13.4948	10.0541	6.66138	3.80826	0	3.78692	6.8231	6.57135	9.07232	9.38124	11.482	14.006	
15.4419	12.0469	9.32598	5.6059	3.78692	0	3.83928	5.62716	8.52272	9.58942	12.6354	15.1151	
17.4107	13.8629	11.7284	8.04846	6.8231	3.83928	0	3.8497	6.92497	9.32012	12.616	15.4497	
15.4915	11.7742	9.958	6.95022	6.57135	5.62716	3.8497	0	3.83787	6.67722	9.39945	12.674	
13.8895	10.4327	9.89732	7.75891	9.07232	8.52272	6.92497	3.83787	0	3.80619	6.49179	9.63641	
10.2867	7.10892	7.65555	6.60762	9.38124	9.58942	9.32012	6.67722	3.80619	0	3.80582	6.19849	
9.17983	6.49939	8.01236	8.63538	11.482	12.6354	12.616	9.39945	6.49179	3.80582	0	3.8184	
7.23621	6.15318	9.19622	10.5748	14.006	15.1151	15.4497	12.674	9.63641	6.19849	3.8184	0	

