3dxa	
CYS	ALA	SER	ARG	TYR	ARG	ASP	ASP	SER	TYR	ASN	GLU	GLN	PHE	PHE	
0	3.79304	7.01813	10.6799	13.9156	16.4979	19.0181	17.9463	19.8865	18.3897	15.0362	13.283	9.50551	8.38881	5.70745	
3.79304	0	3.78848	7.14423	10.4974	13.3422	15.5615	14.2855	16.1844	14.7444	11.5685	9.60637	5.88764	5.01076	3.86618	
7.01813	3.78848	0	3.79544	6.93753	9.59684	12.0611	11.1398	13.4063	12.7126	10.065	8.32666	5.44254	5.16107	6.48474	
10.6799	7.14423	3.79544	0	3.80356	6.54935	8.42296	7.34859	9.67548	9.43673	7.49399	6.14342	5.0861	6.15669	9.03267	
13.9156	10.4974	6.93753	3.80356	0	3.80977	5.86564	5.42968	8.39355	9.6144	9.18456	7.88144	8.22289	8.60497	11.877	
16.4979	13.3422	9.59684	6.54935	3.80977	0	3.81313	5.41484	8.30592	10.5566	10.7231	10.6293	11.2851	12.221	15.3058	
19.0181	15.5615	12.0611	8.42296	5.86564	3.81313	0	2.96764	5.12907	8.25457	9.68029	10.2752	12.1234	13.6824	17.1466	
17.9463	14.2855	11.1398	7.34859	5.42968	5.41484	2.96764	0	3.08857	5.67745	7.31231	7.64011	10.0357	11.7922	15.418	
19.8865	16.1844	13.4063	9.67548	8.39355	8.30592	5.12907	3.08857	0	3.8593	6.89824	8.12259	11.2302	13.4902	17.1066	
18.3897	14.7444	12.7126	9.43673	9.6144	10.5566	8.25457	5.67745	3.8593	0	3.8579	5.79077	9.20195	12.0583	15.3992	
15.0362	11.5685	10.065	7.49399	9.18456	10.7231	9.68029	7.31231	6.89824	3.8579	0	3.82017	6.19587	9.67779	12.5334	
13.283	9.60637	8.32666	6.14342	7.88144	10.6293	10.2752	7.64011	8.12259	5.79077	3.82017	0	3.79019	6.4332	9.68242	
9.50551	5.88764	5.44254	5.0861	8.22289	11.2851	12.1234	10.0357	11.2302	9.20195	6.19587	3.79019	0	3.81117	6.35675	
8.38881	5.01076	5.16107	6.15669	8.60497	12.221	13.6824	11.7922	13.4902	12.0583	9.67779	6.4332	3.81117	0	3.81475	
5.70745	3.86618	6.48474	9.03267	11.877	15.3058	17.1466	15.418	17.1066	15.3992	12.5334	9.68242	6.35675	3.81475	0	

