3ffc	
CYS	ALA	MET	ARG	GLU	ASP	THR	GLY	ASN	GLN	PHE	TYR	PHE	
0	3.7997	6.98309	10.3822	13.2348	16.823	18.0406	15.555	16.2426	13.0355	9.40304	8.07277	5.65694	
3.7997	0	3.79408	6.79188	9.89752	13.3482	14.5976	12.0075	12.5635	9.40491	5.75584	5.08454	4.24958	
6.98309	3.79408	0	3.79811	6.25545	9.88143	11.1677	9.1024	10.526	8.24155	5.41068	5.10099	6.74248	
10.3822	6.79188	3.79811	0	3.79021	6.65749	8.56184	6.80583	8.02466	6.42086	4.8714	6.57444	9.21784	
13.2348	9.89752	6.25545	3.79021	0	3.83569	5.35441	5.04534	7.80735	7.9839	7.89088	8.73511	11.956	
16.823	13.3482	9.88143	6.65749	3.83569	0	3.79915	5.54676	7.86224	9.35031	10.3582	11.9101	15.2917	
18.0406	14.5976	11.1677	8.56184	5.35441	3.79915	0	3.82513	6.87818	9.40743	11.2353	11.9488	15.6579	
15.555	12.0075	9.1024	6.80583	5.04534	5.54676	3.82513	0	3.7938	5.89644	8.02915	8.60909	12.3848	
16.2426	12.5635	10.526	8.02466	7.80735	7.86224	6.87818	3.7938	0	3.81169	7.30779	8.78004	12.2739	
13.0355	9.40491	8.24155	6.42086	7.9839	9.35031	9.40743	5.89644	3.81169	0	3.78719	5.90626	8.95035	
9.40304	5.75584	5.41068	4.8714	7.89088	10.3582	11.2353	8.02915	7.30779	3.78719	0	3.78817	6.04817	
8.07277	5.08454	5.10099	6.57444	8.73511	11.9101	11.9488	8.60909	8.78004	5.90626	3.78817	0	3.79128	
5.65694	4.24958	6.74248	9.21784	11.956	15.2917	15.6579	12.3848	12.2739	8.95035	6.04817	3.79128	0	

