3ffc	
CYS	ALA	SER	SER	PHE	THR	TRP	THR	SER	GLY	GLY	ALA	THR	ASP	THR	GLN	TYR	PHE	
0	3.78417	7.06525	10.5905	14.0638	14.8958	14.4551	18.1328	19.9168	20.6626	20.5203	18.5562	16.7188	14.7197	13.1455	9.38953	8.52584	5.78814	
3.78417	0	3.76445	7.02075	10.6705	11.7087	11.6291	15.358	16.6998	17.4644	16.9962	14.8724	13.0056	11.2385	9.58002	5.85437	5.21141	4.0058	
7.06525	3.76445	0	3.80461	7.12206	8.75978	9.69303	13.4582	14.2786	15.6567	14.9694	12.8774	10.3175	9.24201	8.37786	5.47203	5.41655	6.53126	
10.5905	7.02075	3.80461	0	3.8055	5.50132	7.16623	10.6353	10.8146	12.3638	11.4516	9.5241	6.60958	5.97997	6.02613	4.93589	6.39422	9.05448	
14.0638	10.6705	7.12206	3.8055	0	3.79137	7.17749	9.83988	9.09924	11.5492	10.5337	9.1652	5.4286	6.36642	7.96677	8.3409	9.83011	12.7421	
14.8958	11.7087	8.75978	5.50132	3.79137	0	3.774	6.12888	6.07768	8.75468	8.90764	8.87041	5.60354	4.8535	7.91038	8.8414	11.5017	14.1812	
14.4551	11.6291	9.69303	7.16623	7.17749	3.774	0	3.81279	5.91207	7.49204	8.91444	9.61637	7.52604	4.71581	7.80075	8.62154	12.0239	14.2077	
18.1328	15.358	13.4582	10.6353	9.83988	6.12888	3.81279	0	3.77904	5.19538	7.94935	10.1226	8.8381	6.57359	10.0905	11.8194	15.3624	17.7287	
19.9168	16.6998	14.2786	10.8146	9.09924	6.07768	5.91207	3.77904	0	3.79137	5.39527	7.96392	6.84241	6.23574	9.88846	12.4481	15.6622	18.6244	
20.6626	17.4644	15.6567	12.3638	11.5492	8.75468	7.49204	5.19538	3.79137	0	3.81046	7.19152	7.90002	6.60514	9.46511	12.5219	15.9213	18.8333	
20.5203	16.9962	14.9694	11.4516	10.5337	8.90764	8.91444	7.94935	5.39527	3.81046	0	3.82201	5.62471	5.92475	7.96909	11.5649	14.4226	17.7624	
18.5562	14.8724	12.8774	9.5241	9.1652	8.87041	9.61637	10.1226	7.96392	7.19152	3.82201	0	3.81063	5.21016	5.60656	9.28382	11.4829	15.0548	
16.7188	13.0056	10.3175	6.60958	5.4286	5.60354	7.52604	8.8381	6.84241	7.90002	5.62471	3.81063	0	3.80347	5.47524	8.23643	10.3938	13.9552	
14.7197	11.2385	9.24201	5.97997	6.36642	4.8535	4.71581	6.57359	6.23574	6.60514	5.92475	5.21016	3.80347	0	3.78538	6.31614	9.54694	12.5847	
13.1455	9.58002	8.37786	6.02613	7.96677	7.91038	7.80075	10.0905	9.88846	9.46511	7.96909	5.60656	5.47524	3.78538	0	3.78672	6.63373	9.82051	
9.38953	5.85437	5.47203	4.93589	8.3409	8.8414	8.62154	11.8194	12.4481	12.5219	11.5649	9.28382	8.23643	6.31614	3.78672	0	3.77216	6.32522	
8.52584	5.21141	5.41655	6.39422	9.83011	11.5017	12.0239	15.3624	15.6622	15.9213	14.4226	11.4829	10.3938	9.54694	6.63373	3.77216	0	3.79755	
5.78814	4.0058	6.53126	9.05448	12.7421	14.1812	14.2077	17.7287	18.6244	18.8333	17.7624	15.0548	13.9552	12.5847	9.82051	6.32522	3.79755	0	

