3gsn	
CYS	ALA	SER	SER	PRO	VAL	THR	GLY	GLY	ILE	TYR	GLY	TYR	THR	PHE	
0	3.78421	6.90456	10.6139	13.9244	15.9416	15.6539	18.0263	18.0036	17.6817	15.6021	13.2755	9.50697	8.97696	6.09047	
3.78421	0	3.80788	7.13987	10.7145	12.7376	12.7818	14.994	14.5358	14.0272	11.8235	9.57272	5.81453	5.90674	4.28829	
6.90456	3.80788	0	3.8104	7.04837	9.23085	9.75882	12.4624	11.8213	11.9948	9.66341	8.54351	5.38866	5.83077	6.55038	
10.6139	7.13987	3.8104	0	3.84267	5.97996	7.42964	9.91118	8.50379	8.82125	6.35242	6.49647	5.03299	6.45227	8.87193	
13.9244	10.7145	7.04837	3.84267	0	3.82441	6.91269	9.70197	7.88653	9.24286	6.9736	8.72991	8.44587	9.258	12.1599	
15.9416	12.7376	9.23085	5.97996	3.82441	0	3.79282	6.29029	5.02351	7.7328	7.16889	9.9062	10.3043	12.1646	14.8475	
15.6539	12.7818	9.75882	7.42964	6.91269	3.79282	0	3.80918	5.17626	8.27251	8.95245	11.2194	11.2225	13.7317	15.713	
18.0263	14.994	12.4624	9.91118	9.70197	6.29029	3.80918	0	3.81989	6.81134	9.08422	11.6433	12.5533	15.6469	17.702	
18.0036	14.5358	11.8213	8.50379	7.88653	5.02351	5.17626	3.81989	0	3.81436	5.85933	9.10142	10.8502	13.7356	16.4163	
17.6817	14.0272	11.9948	8.82125	9.24286	7.7328	8.27251	6.81134	3.81436	0	3.81559	6.58587	9.2973	12.4144	15.1499	
15.6021	11.8235	9.66341	6.35242	6.9736	7.16889	8.95245	9.08422	5.85933	3.81559	0	3.81327	6.61741	9.09848	12.2798	
13.2755	9.57272	8.54351	6.49647	8.72991	9.9062	11.2194	11.6433	9.10142	6.58587	3.81327	0	3.79311	6.44771	9.25884	
9.50697	5.81453	5.38866	5.03299	8.44587	10.3043	11.2225	12.5533	10.8502	9.2973	6.61741	3.79311	0	3.77427	5.85584	
8.97696	5.90674	5.83077	6.45227	9.258	12.1646	13.7317	15.6469	13.7356	12.4144	9.09848	6.44771	3.77427	0	3.83745	
6.09047	4.28829	6.55038	8.87193	12.1599	14.8475	15.713	17.702	16.4163	15.1499	12.2798	9.25884	5.85584	3.83745	0	

