3gsn	
CYS	ALA	ARG	ASN	THR	GLY	ASN	GLN	PHE	TYR	PHE	
0	3.80588	7.05087	10.5765	13.3784	15.8702	16.0929	13.0401	9.27716	7.89835	5.25305	
3.80588	0	3.81398	6.91778	9.7481	12.074	12.3239	9.29751	5.56995	4.87971	4.06866	
7.05087	3.81398	0	3.81536	6.86773	9.57953	10.2394	7.89335	5.00854	5.3257	6.82432	
10.5765	6.91778	3.81536	0	3.7927	5.89577	6.65933	5.05319	4.14048	6.2276	9.13888	
13.3784	9.7481	6.86773	3.7927	0	3.80009	6.12306	4.94636	5.88185	7.10962	10.7535	
15.8702	12.074	9.57953	5.89577	3.80009	0	2.93503	3.97411	7.06207	9.46243	13.0759	
16.0929	12.3239	10.2394	6.65933	6.12306	2.93503	0	3.81182	7.19852	10.4205	13.6635	
13.0401	9.29751	7.89335	5.05319	4.94636	3.97411	3.81182	0	3.77958	6.80547	10.0246	
9.27716	5.56995	5.00854	4.14048	5.88185	7.06207	7.19852	3.77958	0	3.7891	6.50961	
7.89835	4.87971	5.3257	6.2276	7.10962	9.46243	10.4205	6.80547	3.7891	0	3.78337	
5.25305	4.06866	6.82432	9.13888	10.7535	13.0759	13.6635	10.0246	6.50961	3.78337	0	

