3h9s	
CYS	ALA	VAL	THR	THR	ASP	SER	TRP	GLY	LYS	LEU	GLN	PHE	
0	3.82737	6.94974	10.6558	14.161	16.2986	17.6361	18.4939	15.8821	13.5869	10.0826	8.44502	5.79818	
3.82737	0	3.8274	7.11243	10.8019	12.6708	13.8875	14.6688	12.1452	9.99541	6.42741	5.57641	4.44617	
6.94974	3.8274	0	3.84802	7.21406	9.63847	11.6605	12.4657	9.6379	8.43521	5.66886	5.11389	6.47736	
10.6558	7.11243	3.84802	0	3.79221	5.90834	8.18995	8.88737	6.156	6.18064	4.85657	6.09599	8.9758	
14.161	10.8019	7.21406	3.79221	0	3.80331	7.37096	7.9831	5.54692	7.58459	7.94145	9.15474	12.4503	
16.2986	12.6708	9.63847	5.90834	3.80331	0	3.83623	5.39312	4.98287	8.00047	8.8342	11.2823	14.5148	
17.6361	13.8875	11.6605	8.18995	7.37096	3.83623	0	3.75678	5.80335	8.38775	9.35249	12.6492	15.6045	
18.4939	14.6688	12.4657	8.88737	7.9831	5.39312	3.75678	0	3.78522	6.56749	8.94107	11.9888	15.3145	
15.8821	12.1452	9.6379	6.156	5.54692	4.98287	5.80335	3.78522	0	3.80233	6.46778	8.78408	12.4122	
13.5869	9.99541	8.43521	6.18064	7.58459	8.00047	8.38775	6.56749	3.80233	0	3.73371	5.88916	9.2985	
10.0826	6.42741	5.66886	4.85657	7.94145	8.8342	9.35249	8.94107	6.46778	3.73371	0	3.79028	6.4354	
8.44502	5.57641	5.11389	6.09599	9.15474	11.2823	12.6492	11.9888	8.78408	5.88916	3.79028	0	3.85434	
5.79818	4.44617	6.47736	8.9758	12.4503	14.5148	15.6045	15.3145	12.4122	9.2985	6.4354	3.85434	0	

