3hg1	
CYS	ALA	VAL	ASN	VAL	ALA	GLY	LYS	SER	THR	PHE	
0	3.8189	7.01474	10.3016	12.8403	16.1204	16.4487	13.4084	9.67464	8.42463	5.86427	
3.8189	0	3.76498	6.64258	9.32387	12.5299	12.6429	9.63929	5.97186	5.4302	4.48276	
7.01474	3.76498	0	3.76602	5.93104	9.48051	10.0807	7.8918	5.14351	5.06024	6.48803	
10.3016	6.64258	3.76602	0	3.78615	7.06586	6.74695	5.2428	4.21874	6.3367	8.97362	
12.8403	9.32387	5.93104	3.78615	0	3.79139	5.33194	5.30564	5.99089	6.98151	10.4206	
16.1204	12.5299	9.48051	7.06586	3.79139	0	3.78522	5.48208	7.93286	8.94993	12.7172	
16.4487	12.6429	10.0807	6.74695	5.33194	3.78522	0	3.80643	7.29591	9.74236	13.3196	
13.4084	9.63929	7.8918	5.2428	5.30564	5.48208	3.80643	0	3.79754	6.5857	9.90873	
9.67464	5.97186	5.14351	4.21874	5.99089	7.93286	7.29591	3.79754	0	3.7428	6.42837	
8.42463	5.4302	5.06024	6.3367	6.98151	8.94993	9.74236	6.5857	3.7428	0	3.78776	
5.86427	4.48276	6.48803	8.97362	10.4206	12.7172	13.3196	9.90873	6.42837	3.78776	0	

