3hg1	
CYS	ALA	TRP	SER	GLU	THR	GLY	LEU	GLY	THR	GLY	GLU	LEU	PHE	PHE	
0	3.79276	7.14289	10.6724	13.8746	15.5318	17.6119	17.8472	18.8328	18.5554	15.1488	12.9252	9.33901	8.20056	5.65668	
3.79276	0	3.7642	7.0494	10.3952	12.4858	14.494	14.608	15.2479	14.9005	11.6197	9.36228	5.70996	4.97206	4.10913	
7.14289	3.7642	0	3.77221	6.73465	8.77702	11.029	11.6168	12.3195	12.5874	9.6291	8.10462	4.92596	5.19738	6.75243	
10.6724	7.0494	3.77221	0	3.78114	6.44889	8.07235	8.30259	8.58784	9.05617	6.45875	5.8938	4.4161	6.42229	9.26787	
13.8746	10.3952	6.73465	3.78114	0	3.70889	5.97372	7.42582	7.45454	8.96066	7.75081	8.19976	7.80424	9.23214	12.4276	
15.5318	12.4858	8.77702	6.44889	3.70889	0	3.72975	6.7978	8.25936	10.9658	9.93833	11.2802	10.8301	12.4427	15.2351	
17.6119	14.494	11.029	8.07235	5.97372	3.72975	0	3.72578	6.11039	9.55691	9.01602	11.5084	11.9824	14.4396	17.2926	
17.8472	14.608	11.6168	8.30259	7.42582	6.7978	3.72578	0	3.79632	7.04327	6.55965	9.8394	11.162	14.298	17.1274	
18.8328	15.2479	12.3195	8.58784	7.45454	8.25936	6.11039	3.79632	0	3.79491	5.15021	8.38911	10.6873	13.6712	16.9378	
18.5554	14.9005	12.5874	9.05617	8.96066	10.9658	9.55691	7.04327	3.79491	0	3.69634	6.29669	9.53111	12.4964	15.7554	
15.1488	11.6197	9.6291	6.45875	7.75081	9.93833	9.01602	6.55965	5.15021	3.69634	0	3.76624	6.50016	9.9532	12.8394	
12.9252	9.36228	8.10462	5.8938	8.19976	11.2802	11.5084	9.8394	8.38911	6.29669	3.76624	0	3.68245	6.73445	9.62997	
9.33901	5.70996	4.92596	4.4161	7.80424	10.8301	11.9824	11.162	10.6873	9.53111	6.50016	3.68245	0	3.75748	6.36435	
8.20056	4.97206	5.19738	6.42229	9.23214	12.4427	14.4396	14.298	13.6712	12.4964	9.9532	6.73445	3.75748	0	3.77159	
5.65668	4.10913	6.75243	9.26787	12.4276	15.2351	17.2926	17.1274	16.9378	15.7554	12.8394	9.62997	6.36435	3.77159	0	

