3huj	
CYS	VAL	VAL	SER	ASP	ARG	GLY	SER	THR	LEU	GLY	ARG	LEU	TYR	PHE	
0	3.81382	6.90148	10.4529	13.6186	16.1106	17.1878	18.6144	18.6173	19.5083	15.8825	13.8578	10.2692	8.33829	6.07211	
3.81382	0	3.80471	6.89803	10.2605	12.59	13.8861	15.0472	14.9175	15.7008	12.0862	10.1515	6.59878	5.421	4.57514	
6.90148	3.80471	0	3.82565	6.73209	9.37955	11.0202	12.7106	13.216	13.4528	9.70562	8.31658	5.78959	5.21799	6.81333	
10.4529	6.89803	3.82565	0	3.81905	5.71159	7.64458	9.05985	9.71176	9.77541	6.11007	5.80986	4.84447	6.48712	9.21418	
13.6186	10.2605	6.73209	3.81905	0	3.81082	7.07937	8.81083	9.99353	8.73379	5.46579	5.97003	7.11432	8.44847	11.8694	
16.1106	12.59	9.37955	5.71159	3.81082	0	3.81523	5.29957	7.30539	6.3438	4.31505	7.08531	8.90975	11.3375	14.5793	
17.1878	13.8861	11.0202	7.64458	7.07937	3.81523	0	3.8097	7.25657	7.88284	6.93112	10.0902	11.2404	13.9259	16.6694	
18.6144	15.0472	12.7106	9.05985	8.81083	5.29957	3.8097	0	3.80826	5.29588	5.88306	9.48314	11.1522	14.495	17.2059	
18.6173	14.9175	13.216	9.71176	9.99353	7.30539	7.25657	3.80826	0	3.81971	5.19965	8.18329	10.0189	13.7187	16.2508	
19.5083	15.7008	13.4528	9.77541	8.73379	6.3438	7.88284	5.29588	3.81971	0	3.80702	6.92958	9.99239	13.3219	16.4536	
15.8825	12.0862	9.70562	6.11007	5.46579	4.31505	6.93112	5.88306	5.19965	3.80702	0	3.78846	6.56374	9.73637	12.965	
13.8578	10.1515	8.31658	5.80986	5.97003	7.08531	10.0902	9.48314	8.18329	6.92958	3.78846	0	3.80558	6.57025	9.90442	
10.2692	6.59878	5.78959	4.84447	7.11432	8.90975	11.2404	11.1522	10.0189	9.99239	6.56374	3.80558	0	3.7853	6.46541	
8.33829	5.421	5.21799	6.48712	8.44847	11.3375	13.9259	14.495	13.7187	13.3219	9.73637	6.57025	3.7853	0	3.79958	
6.07211	4.57514	6.81333	9.21418	11.8694	14.5793	16.6694	17.2059	16.2508	16.4536	12.965	9.90442	6.46541	3.79958	0	

