3kps	
CYS	ILE	LEU	PRO	LEU	ALA	GLY	GLY	THR	SER	TYR	GLY	LYS	LEU	THR	PHE	
0	3.82015	7.09725	9.55436	12.6094	12.3348	15.0101	17.1665	17.5601	15.8734	16.3179	13.3894	13.4243	10.0504	9.14683	7.13527	
3.82015	0	3.84256	5.82986	9.0179	8.9013	11.9368	13.7312	13.914	12.0639	12.5898	9.86369	10.0617	7.03163	6.41014	5.97939	
7.09725	3.84256	0	3.81436	5.72102	5.55506	8.22579	10.0724	10.7489	9.44798	10.4063	8.62574	9.87041	8.04267	7.71907	8.94156	
9.55436	5.82986	3.81436	0	3.79617	5.47017	8.62218	8.99647	9.16699	6.74018	6.86983	4.82766	6.48205	5.79553	6.96051	9.09918	
12.6094	9.0179	5.72102	3.79617	0	3.83535	5.72394	5.30372	6.32326	4.85666	5.6871	5.95508	8.53146	9.08506	9.97924	12.6182	
12.3348	8.9013	5.55506	5.47017	3.83535	0	3.82698	5.52629	5.48457	5.64074	8.31246	8.72402	10.0639	9.90081	9.29384	12.142	
15.0101	11.9368	8.22579	8.62218	5.72394	3.82698	0	3.80195	5.5736	7.5641	10.2057	11.4814	13.4277	13.6095	13.1002	15.8143	
17.1665	13.7312	10.0724	8.99647	5.30372	5.52629	3.80195	0	3.81685	5.78168	7.87654	10.2032	12.584	13.7881	14.129	17.1923	
17.5601	13.914	10.7489	9.16699	6.32326	5.48457	5.5736	3.81685	0	3.79607	7.18136	9.78518	11.1156	12.6086	12.5822	16.0882	
15.8734	12.0639	9.44798	6.74018	4.85666	5.64074	7.5641	5.78168	3.79607	0	3.81383	6.18439	7.44873	9.41396	10.2022	13.6978	
16.3179	12.5898	10.4063	6.86983	5.6871	8.31246	10.2057	7.87654	7.18136	3.81383	0	3.838	6.21443	9.02122	11.1451	14.2036	
13.3894	9.86369	8.62574	4.82766	5.95508	8.72402	11.4814	10.2032	9.78518	6.18439	3.838	0	3.78688	5.92857	8.82197	11.2473	
13.4243	10.0617	9.87041	6.48205	8.53146	10.0639	13.4277	12.584	11.1156	7.44873	6.21443	3.78688	0	3.76082	6.71073	9.29485	
10.0504	7.03163	8.04267	5.79553	9.08506	9.90081	13.6095	13.7881	12.6086	9.41396	9.02122	5.92857	3.76082	0	3.78556	5.62118	
9.14683	6.41014	7.71907	6.96051	9.97924	9.29384	13.1002	14.129	12.5822	10.2022	11.1451	8.82197	6.71073	3.78556	0	3.80583	
7.13527	5.97939	8.94156	9.09918	12.6182	12.142	15.8143	17.1923	16.0882	13.6978	14.2036	11.2473	9.29485	5.62118	3.80583	0	

