3kps	
CYS	ALA	SER	SER	LEU	GLY	GLN	ALA	TYR	GLU	GLN	TYR	PHE	
0	3.82242	6.97652	10.5073	14.1133	14.8315	14.1391	15.7352	14.8336	13.0279	9.26311	8.44805	5.66722	
3.82242	0	3.80352	6.87835	10.6054	11.4842	11.0509	12.3616	11.096	9.30548	5.58541	5.31478	4.14217	
6.97652	3.80352	0	3.82123	7.17872	8.47569	9.08576	10.915	9.21776	8.31605	5.45573	5.49502	6.61111	
10.5073	6.87835	3.82123	0	3.79609	5.40083	6.80307	8.08929	5.78359	5.77358	4.74597	6.18192	8.89213	
14.1133	10.6054	7.17872	3.79609	0	3.82696	7.10196	8.33624	5.81496	7.35838	7.99723	9.26908	12.41	
14.8315	11.4842	8.47569	5.40083	3.82696	0	3.82262	5.93508	5.37413	8.32151	9.04977	11.4303	14.0984	
14.1391	11.0509	9.08576	6.80307	7.10196	3.82262	0	3.8397	5.65057	8.4805	8.83144	12.0109	14.0389	
15.7352	12.3616	10.915	8.08929	8.33624	5.93508	3.8397	0	3.86632	6.87603	8.55576	12.1254	14.4939	
14.8336	11.096	9.21776	5.78359	5.81496	5.37413	5.65057	3.86632	0	3.84792	6.40729	9.43722	12.4865	
13.0279	9.30548	8.31605	5.77358	7.35838	8.32151	8.4805	6.87603	3.84792	0	3.77557	6.4507	9.56512	
9.26311	5.58541	5.45573	4.74597	7.99723	9.04977	8.83144	8.55576	6.40729	3.77557	0	3.77872	6.14998	
8.44805	5.31478	5.49502	6.18192	9.26908	11.4303	12.0109	12.1254	9.43722	6.4507	3.77872	0	3.8227	
5.66722	4.14217	6.61111	8.89213	12.41	14.0984	14.0389	14.4939	12.4865	9.56512	6.14998	3.8227	0	

