3mv7	
CYS	ALA	SER	SER	ALA	ARG	SER	GLY	GLU	LEU	PHE	PHE	
0	3.73397	6.92123	10.0616	13.3639	16.6902	17.8404	15.2159	13.0997	9.31354	8.39277	5.79027	
3.73397	0	3.77575	6.55404	9.73515	13.1613	14.1515	11.6706	9.50328	5.78849	5.13639	4.11665	
6.92123	3.77575	0	3.77927	6.7224	9.96078	11.6494	9.73252	8.40291	5.59962	5.53446	6.74967	
10.0616	6.55404	3.77927	0	3.78404	6.69309	8.09976	6.04253	5.59717	4.34187	6.23472	8.85646	
13.3639	9.73515	6.7224	3.78404	0	3.81374	5.28947	5.18559	5.39329	6.36637	7.61368	11.0666	
16.6902	13.1613	9.96078	6.69309	3.81374	0	3.81136	5.33262	7.63232	9.56559	11.3602	14.8094	
17.8404	14.1515	11.6494	8.09976	5.28947	3.81136	0	3.81729	6.06951	9.26712	11.3656	15.0282	
15.2159	11.6706	9.73252	6.04253	5.18559	5.33262	3.81729	0	3.85269	6.61843	9.66172	12.9137	
13.0997	9.50328	8.40291	5.59717	5.39329	7.63232	6.06951	3.85269	0	3.80495	6.41933	9.73535	
9.31354	5.78849	5.59962	4.34187	6.36637	9.56559	9.26712	6.61843	3.80495	0	3.79018	6.38138	
8.39277	5.13639	5.53446	6.23472	7.61368	11.3602	11.3656	9.66172	6.41933	3.79018	0	3.81172	
5.79027	4.11665	6.74967	8.85646	11.0666	14.8094	15.0282	12.9137	9.73535	6.38138	3.81172	0	

