3mv7	
CYS	ALA	VAL	GLN	ASP	LEU	GLY	THR	SER	GLY	SER	ARG	LEU	THR	PHE	
0	3.83812	7.091	10.6976	13.5742	16.947	18.7846	17.9132	19.5293	18.2291	14.854	13.115	9.34339	8.47287	5.72628	
3.83812	0	3.77148	7.10002	10.1554	13.6178	15.3503	14.1903	15.7089	14.4788	11.2295	9.42685	5.68833	5.25038	4.11326	
7.091	3.77148	0	3.79697	6.51965	9.91423	11.8108	11.0783	12.9046	12.2238	9.38427	8.26057	5.35126	5.44032	6.64717	
10.6976	7.10002	3.79697	0	3.77959	6.80004	8.92138	7.84207	9.29824	8.75465	6.38076	6.24218	5.21708	6.72318	9.33973	
13.5742	10.1554	6.51965	3.77959	0	3.79195	5.36061	5.47075	8.07401	9.10699	8.23256	8.36046	8.27448	8.81814	11.863	
16.947	13.6178	9.91423	6.80004	3.79195	0	3.81517	5.4129	7.3898	9.13456	9.35656	10.6922	11.4703	12.5028	15.5982	
18.7846	15.3503	11.8108	8.92138	5.36061	3.81517	0	3.82841	6.92436	9.89999	11.0103	11.5354	12.69	13.0225	16.4542	
17.9132	14.1903	11.0783	7.84207	5.47075	5.4129	3.82841	0	3.82841	6.73267	8.18893	8.39125	10.3308	11.1252	14.8381	
19.5293	15.7089	12.9046	9.29824	8.07401	7.3898	6.92436	3.82841	0	3.78281	6.72331	8.01771	11.0247	12.8204	16.4879	
18.2291	14.4788	12.2238	8.75465	9.10699	9.13456	9.89999	6.73267	3.78281	0	3.7515	6.03277	9.43935	12.1447	15.4689	
14.854	11.2295	9.38427	6.38076	8.23256	9.35656	11.0103	8.18893	6.72331	3.7515	0	3.81148	6.47046	9.76288	12.6241	
13.115	9.42685	8.26057	6.24218	8.36046	10.6922	11.5354	8.39125	8.01771	6.03277	3.81148	0	3.80738	6.66096	9.70618	
9.34339	5.68833	5.35126	5.21708	8.27448	11.4703	12.69	10.3308	11.0247	9.43935	6.47046	3.80738	0	3.74661	6.16702	
8.47287	5.25038	5.44032	6.72318	8.81814	12.5028	13.0225	11.1252	12.8204	12.1447	9.76288	6.66096	3.74661	0	3.80723	
5.72628	4.11326	6.64717	9.33973	11.863	15.5982	16.4542	14.8381	16.4879	15.4689	12.6241	9.70618	6.16702	3.80723	0	

