3mv8	
CYS	ALA	VAL	GLN	ASP	LEU	GLY	THR	SER	GLY	SER	ARG	LEU	THR	PHE	
0	3.82976	7.18869	10.7805	13.7307	17.0943	18.8838	18.1449	19.7296	18.3542	14.9698	13.1479	9.40539	8.54263	5.82551	
3.82976	0	3.82887	7.16377	10.2591	13.7263	15.4095	14.4076	15.9117	14.6148	11.3613	9.48526	5.77582	5.33904	4.20462	
7.18869	3.82887	0	3.7989	6.57395	9.95864	11.8088	11.2311	13.0303	12.3093	9.42367	8.22787	5.36019	5.41756	6.71061	
10.7805	7.16377	3.7989	0	3.81535	6.85803	8.93167	8.00593	9.42499	8.85016	6.37774	6.17855	5.21705	6.72265	9.37912	
13.7307	10.2591	6.57395	3.81535	0	3.8298	5.29852	5.49588	8.05308	9.08324	8.13129	8.2204	8.21224	8.7271	11.8907	
17.0943	13.7263	9.95864	6.85803	3.8298	0	3.81485	5.51141	7.44958	9.26691	9.33064	10.6676	11.5015	12.4883	15.6675	
18.8838	15.4095	11.8088	8.93167	5.29852	3.81485	0	3.80373	6.90302	9.89343	10.9201	11.452	12.6259	12.9211	16.4442	
18.1449	14.4076	11.2311	8.00593	5.49588	5.51141	3.80373	0	3.81851	6.7156	8.20596	8.4362	10.4081	11.2026	14.9585	
19.7296	15.9117	13.0303	9.42499	8.05308	7.44958	6.90302	3.81851	0	3.80134	6.75549	8.0995	11.1304	12.9473	16.6055	
18.3542	14.6148	12.3093	8.85016	9.08324	9.26691	9.89343	6.7156	3.80134	0	3.78877	5.97287	9.46226	12.1875	15.4701	
14.9698	11.3613	9.42367	6.37774	8.13129	9.33064	10.9201	8.20596	6.75549	3.78877	0	3.81712	6.57399	9.89979	12.7042	
13.1479	9.48526	8.22787	6.17855	8.2204	10.6676	11.452	8.4362	8.0995	5.97287	3.81712	0	3.80055	6.7688	9.71256	
9.40539	5.77582	5.36019	5.21705	8.21224	11.5015	12.6259	10.4081	11.1304	9.46226	6.57399	3.80055	0	3.79738	6.14406	
8.54263	5.33904	5.41756	6.72265	8.7271	12.4883	12.9211	11.2026	12.9473	12.1875	9.89979	6.7688	3.79738	0	3.82015	
5.82551	4.20462	6.71061	9.37912	11.8907	15.6675	16.4442	14.9585	16.6055	15.4701	12.7042	9.71256	6.14406	3.82015	0	

