3mv8	
CYS	ALA	SER	SER	ALA	ARG	SER	GLY	GLU	LEU	PHE	PHE	
0	3.77267	6.95217	10.1293	13.4718	16.74	17.8567	15.3568	13.1931	9.42684	8.44036	5.86236	
3.77267	0	3.77522	6.58037	9.82298	13.2006	14.1283	11.7623	9.5397	5.85293	5.15477	4.17233	
6.95217	3.77522	0	3.791	6.7555	9.96822	11.5654	9.80309	8.37237	5.6376	5.53551	6.73709	
10.1293	6.58037	3.791	0	3.78387	6.68111	8.00445	6.09981	5.5271	4.36995	6.24464	8.89554	
13.4718	9.82298	6.7555	3.78387	0	3.82071	5.16365	5.25883	5.43178	6.49241	7.77299	11.1943	
16.74	13.2006	9.96822	6.68111	3.82071	0	3.81233	5.39578	7.67835	9.65682	11.5144	14.928	
17.8567	14.1283	11.5654	8.00445	5.16365	3.81233	0	3.84067	6.04846	9.26227	11.3719	15.0551	
15.3568	11.7623	9.80309	6.09981	5.25883	5.39578	3.84067	0	3.82713	6.67249	9.74351	13.0572	
13.1931	9.5397	8.37237	5.5271	5.43178	7.67835	6.04846	3.82713	0	3.80007	6.46033	9.85258	
9.42684	5.85293	5.6376	4.36995	6.49241	9.65682	9.26227	6.67249	3.80007	0	3.79938	6.48907	
8.44036	5.15477	5.53551	6.24464	7.77299	11.5144	11.3719	9.74351	6.46033	3.79938	0	3.80353	
5.86236	4.17233	6.73709	8.89554	11.1943	14.928	15.0551	13.0572	9.85258	6.48907	3.80353	0	

