3mv9	
CYS	ALA	SER	SER	ALA	ARG	SER	GLY	GLU	LEU	PHE	PHE	
0	3.82424	7.07078	10.0608	13.6618	16.4158	18.2508	15.5735	13.5174	9.74371	8.70536	6.03071	
3.82424	0	3.76728	6.39814	9.9744	12.717	14.4431	11.7951	9.80878	6.11457	5.44996	4.25303	
7.07078	3.76728	0	3.79432	6.83555	9.55153	11.8997	9.57663	8.52621	5.735	5.23588	6.42264	
10.0608	6.39814	3.79432	0	3.78662	6.491	8.48088	5.99771	5.79848	4.33832	6.07852	8.51912	
13.6618	9.9744	6.83555	3.78662	0	2.75485	5.49025	4.04214	5.78813	6.65591	8.15939	11.4149	
16.4158	12.717	9.55153	6.491	2.75485	0	3.75709	3.98625	6.94444	8.88785	10.451	13.9193	
18.2508	14.4431	11.8997	8.48088	5.49025	3.75709	0	2.93532	6.07024	9.30097	11.4393	14.9979	
15.5735	11.7951	9.57663	5.99771	4.04214	3.98625	2.93532	0	3.80813	6.62795	9.25533	12.5766	
13.5174	9.80878	8.52621	5.79848	5.78813	6.94444	6.07024	3.80813	0	3.80497	6.41856	9.59314	
9.74371	6.11457	5.735	4.33832	6.65591	8.88785	9.30097	6.62795	3.80497	0	3.8101	6.21486	
8.70536	5.44996	5.23588	6.07852	8.15939	10.451	11.4393	9.25533	6.41856	3.8101	0	3.78655	
6.03071	4.25303	6.42264	8.51912	11.4149	13.9193	14.9979	12.5766	9.59314	6.21486	3.78655	0	

