3o4l	
CYS	SER	ALA	ARG	ASP	GLY	THR	GLY	ASN	GLY	TYR	THR	PHE	
0	3.85178	7.1721	10.791	12.7861	15.8042	18.2399	15.9121	16.6748	14.2578	10.5471	8.65406	5.99093	
3.85178	0	3.789	7.10914	9.16262	12.4368	14.5887	12.2052	12.8557	10.4441	6.79975	5.43035	4.19221	
7.1721	3.789	0	3.77909	6.18816	9.10576	11.215	8.83899	10.2529	8.49002	5.66832	5.34198	6.59842	
10.791	7.10914	3.77909	0	3.78542	6.70887	7.86682	5.12115	6.64395	5.63853	4.5196	6.22676	8.93612	
12.7861	9.16262	6.18816	3.78542	0	3.85069	5.72568	4.99433	6.72947	5.04942	5.12295	5.92653	9.52277	
15.8042	12.4368	9.10576	6.70887	3.85069	0	3.79151	5.40329	8.29501	7.94819	8.93909	9.44347	12.9595	
18.2399	14.5887	11.215	7.86682	5.72568	3.79151	0	3.84358	6.19152	7.37549	9.79445	11.5115	15.1884	
15.9121	12.2052	8.83899	5.12115	4.99433	5.40329	3.84358	0	3.82705	5.64451	7.66702	10.1498	13.4952	
16.6748	12.8557	10.2529	6.64395	6.72947	8.29501	6.19152	3.82705	0	3.82315	6.99636	10.3569	13.5626	
14.2578	10.4441	8.49002	5.63853	5.04942	7.94819	7.37549	5.64451	3.82315	0	3.80063	6.99415	10.2609	
10.5471	6.79975	5.66832	4.5196	5.12295	8.93909	9.79445	7.66702	6.99636	3.80063	0	3.78022	6.60213	
8.65406	5.43035	5.34198	6.22676	5.92653	9.44347	11.5115	10.1498	10.3569	6.99415	3.78022	0	3.7837	
5.99093	4.19221	6.59842	8.93612	9.52277	12.9595	15.1884	13.4952	13.5626	10.2609	6.60213	3.7837	0	

