3o4l	
CYS	ALA	GLU	ASP	ASN	ASN	ALA	ARG	LEU	MET	PHE	
0	3.74893	6.98925	10.4484	12.3293	15.9196	15.7493	13.4016	9.76295	8.23091	5.54733	
3.74893	0	3.75339	6.91027	8.90044	12.3493	12.0271	9.67915	6.1324	5.0937	4.02629	
6.98925	3.75339	0	3.72381	5.62114	9.09597	9.31231	7.80919	5.4112	5.09762	6.42282	
10.4484	6.91027	3.72381	0	3.759	6.13271	5.75851	5.28304	4.69793	6.37613	9.05573	
12.3293	8.90044	5.62114	3.759	0	3.78773	5.75202	5.37606	6.22276	6.49247	9.79833	
15.9196	12.3493	9.09597	6.13271	3.78773	0	3.9143	5.6089	8.33938	9.55023	13.1509	
15.7493	12.0271	9.31231	5.75851	5.75202	3.9143	0	3.77209	6.97162	9.62606	13.1172	
13.4016	9.67915	7.80919	5.28304	5.37606	5.6089	3.77209	0	3.85117	6.45937	9.95882	
9.76295	6.1324	5.4112	4.69793	6.22276	8.33938	6.97162	3.85117	0	3.80221	6.5783	
8.23091	5.0937	5.09762	6.37613	6.49247	9.55023	9.62606	6.45937	3.80221	0	3.76149	
5.54733	4.02629	6.42282	9.05573	9.79833	13.1509	13.1172	9.95882	6.5783	3.76149	0	

