3o6f	
CYS	SER	ALA	ARG	GLY	GLY	SER	TYR	ASN	SER	PRO	LEU	HIS	PHE	
0	3.77577	6.92933	10.1886	13.5016	15.521	15.9885	17.7693	17.492	15.4355	13.2048	9.47381	8.34111	5.75738	
3.77577	0	3.76021	6.67351	10.0617	12.1748	12.8774	14.6591	14.1012	11.7922	9.54727	5.89843	5.03167	4.03276	
6.92933	3.76021	0	3.79803	6.61244	9.10276	10.5992	13.0901	12.8224	9.89657	8.48513	5.75832	5.22945	6.52196	
10.1886	6.67351	3.79803	0	3.79441	5.57585	7.1141	9.62315	9.41178	6.33939	6.00752	4.8171	6.27937	8.94202	
13.5016	10.0617	6.61244	3.79441	0	3.79073	7.10892	10.0844	9.94486	6.41545	7.33702	7.78477	8.6855	11.8582	
15.521	12.1748	9.10276	5.57585	3.79073	0	3.79022	7.08243	8.01715	5.41426	8.10778	9.23142	11.3378	14.4164	
15.9885	12.8774	10.5992	7.1141	7.10892	3.79022	0	3.86699	6.27497	5.50233	8.6177	9.66001	12.6889	15.3875	
17.7693	14.6591	13.0901	9.62315	10.0844	7.08243	3.86699	0	3.84365	5.64148	8.75832	10.4655	14.0178	16.6672	
17.492	14.1012	12.8224	9.41178	9.94486	8.01715	6.27497	3.84365	0	3.73585	6.18415	8.83473	12.2914	15.1995	
15.4355	11.7922	9.89657	6.33939	6.41545	5.41426	5.50233	5.64148	3.73585	0	3.84843	6.65036	9.57736	12.8869	
13.2048	9.54727	8.48513	6.00752	7.33702	8.10778	8.6177	8.75832	6.18415	3.84843	0	3.76201	6.40259	9.68576	
9.47381	5.89843	5.75832	4.8171	7.78477	9.23142	9.66001	10.4655	8.83473	6.65036	3.76201	0	3.8165	6.38895	
8.34111	5.03167	5.22945	6.27937	8.6855	11.3378	12.6889	14.0178	12.2914	9.57736	6.40259	3.8165	0	3.78368	
5.75738	4.03276	6.52196	8.94202	11.8582	14.4164	15.3875	16.6672	15.1995	12.8869	9.68576	6.38895	3.78368	0	

