3o6f	
CYS	THR	VAL	TYR	GLY	GLY	ALA	THR	ASN	LYS	LEU	ILE	PHE	
0	3.81483	7.16722	10.1593	13.5722	17.0432	16.5249	14.1621	15.5975	13.8675	10.4347	9.42104	7.33047	
3.81483	0	3.79011	6.64002	10.2472	13.6361	12.9845	10.3994	11.8254	10.2421	7.07528	6.58228	6.06823	
7.16722	3.79011	0	3.76104	6.92686	10.0642	9.37271	7.28072	9.42074	8.96182	6.95363	7.5636	8.7887	
10.1593	6.64002	3.76104	0	3.78093	7.25791	7.50745	5.11966	6.43471	6.96303	5.93704	8.29441	10.4569	
13.5722	10.2472	6.92686	3.78093	0	3.79019	5.57047	4.95504	6.28408	8.63905	8.97105	11.679	14.1753	
17.0432	13.6361	10.0642	7.25791	3.79019	0	3.78882	5.53375	6.9226	10.2738	11.7344	14.3037	17.2434	
16.5249	12.9845	9.37271	7.50745	5.57047	3.78882	0	3.79426	6.62418	9.41529	11.1784	12.8987	16.0752	
14.1621	10.3994	7.28072	5.11966	4.95504	5.53375	3.79426	0	3.72974	5.73725	7.4559	9.33409	12.6783	
15.5975	11.8254	9.42074	6.43471	6.28408	6.9226	6.62418	3.72974	0	3.78828	6.65155	9.4475	12.9673	
13.8675	10.2421	8.96182	6.96303	8.63905	10.2738	9.41529	5.73725	3.78828	0	3.79908	6.21336	9.81962	
10.4347	7.07528	6.95363	5.93704	8.97105	11.7344	11.1784	7.4559	6.65155	3.79908	0	3.81061	6.6227	
9.42104	6.58228	7.5636	8.29441	11.679	14.3037	12.8987	9.33409	9.4475	6.21336	3.81061	0	3.85839	
7.33047	6.06823	8.7887	10.4569	14.1753	17.2434	16.0752	12.6783	12.9673	9.81962	6.6227	3.85839	0	

