3pl6	
CYS	ALA	ALA	SER	SER	PHE	GLY	ASN	GLU	LYS	LEU	THR	PHE	
0	3.80212	7.1947	10.6051	14.0721	17.2187	18.8905	16.4092	14.7739	13.223	9.46888	8.56307	5.76016	
3.80212	0	3.7782	7.01555	10.6089	13.8763	15.2386	12.6311	11.173	9.64116	5.94585	5.38627	4.18391	
7.1947	3.7782	0	3.78772	6.98957	10.4396	11.8906	9.69246	8.90484	8.28234	5.47603	5.54431	6.72228	
10.6051	7.01555	3.78772	0	3.82103	7.00293	8.28975	6.27675	5.48913	6.12926	5.16377	6.95559	9.39863	
14.0721	10.6089	6.98957	3.82103	0	3.81859	5.33198	5.0136	6.00609	8.09214	8.51716	10.0521	12.901	
17.2187	13.8763	10.4396	7.00293	3.81859	0	3.79135	5.91194	6.71958	10.0232	11.3433	13.5078	16.3606	
18.8905	15.2386	11.8906	8.28975	5.33198	3.79135	0	3.81111	6.24656	9.16958	11.4738	13.4719	16.8643	
16.4092	12.6311	9.69246	6.27675	5.0136	5.91194	3.81111	0	3.79346	5.60409	8.12723	10.096	13.6376	
14.7739	11.173	8.90484	5.48913	6.00609	6.71958	6.24656	3.79346	0	3.82268	6.38978	9.53828	12.5165	
13.223	9.64116	8.28234	6.12926	8.09214	10.0232	9.16958	5.60409	3.82268	0	3.80312	6.73151	9.79415	
9.46888	5.94585	5.47603	5.16377	8.51716	11.3433	11.4738	8.12723	6.38978	3.80312	0	3.80061	6.21839	
8.56307	5.38627	5.54431	6.95559	10.0521	13.5078	13.4719	10.096	9.53828	6.73151	3.80061	0	3.82998	
5.76016	4.18391	6.72228	9.39863	12.901	16.3606	16.8643	13.6376	12.5165	9.79415	6.21839	3.82998	0	

