3pl6	
CYS	ALA	THR	SER	ALA	LEU	GLY	ASP	THR	GLN	TYR	PHE	
0	3.79103	6.98416	10.5148	13.8635	15.3269	13.1618	14.1733	13.2361	9.48702	8.24133	5.55482	
3.79103	0	3.78537	6.94071	10.4699	11.9654	9.8705	10.684	9.52096	5.82647	5.04727	4.07541	
6.98416	3.78537	0	3.76776	6.87995	8.73587	7.54035	9.2004	8.1848	5.42966	5.35385	6.6304	
10.5148	6.94071	3.76776	0	3.79612	5.37177	4.76812	6.3975	5.59405	4.73801	6.33197	9.12306	
13.8635	10.4699	6.87995	3.79612	0	3.80479	6.01357	8.00764	7.43948	8.06286	9.27651	12.3697	
15.3269	11.9654	8.73587	5.37177	3.80479	0	3.79364	6.35858	7.654	9.0499	11.4681	14.446	
13.1618	9.8705	7.54035	4.76812	6.01357	3.79364	0	3.7846	6.1375	6.90954	10.0737	12.6138	
14.1733	10.684	9.2004	6.3975	8.00764	6.35858	3.7846	0	3.82213	5.97837	9.66359	12.4802	
13.2361	9.52096	8.1848	5.59405	7.43948	7.654	6.1375	3.82213	0	3.81116	6.83923	10.1899	
9.48702	5.82647	5.42966	4.73801	8.06286	9.0499	6.90954	5.97837	3.81116	0	3.8083	6.59701	
8.24133	5.04727	5.35385	6.33197	9.27651	11.4681	10.0737	9.66359	6.83923	3.8083	0	3.81765	
5.55482	4.07541	6.6304	9.12306	12.3697	14.446	12.6138	12.4802	10.1899	6.59701	3.81765	0	

