3pwp	
CYS	ALA	SER	ARG	PRO	GLY	LEU	ALA	GLY	GLY	ARG	PRO	GLU	GLN	TYR	PHE	
0	3.82026	7.15472	10.8574	14.1266	15.2528	18.8183	18.6081	18.8946	19.9189	18.8731	16.3667	13.9602	10.236	8.70396	5.8886	
3.82026	0	3.77336	7.20734	10.6926	11.9973	15.62	15.481	15.4529	16.2815	15.1139	12.5474	10.2171	6.50913	5.60772	4.27626	
7.15472	3.77336	0	3.90721	7.01176	8.713	12.1583	11.7423	11.7695	12.9148	12.2818	9.84215	8.2776	5.25424	5.43035	6.53069	
10.8574	7.20734	3.90721	0	3.83	5.55726	8.95717	8.9375	8.59542	9.63214	9.01651	6.25256	5.8454	4.41578	6.7016	9.2408	
14.1266	10.6926	7.01176	3.83	0	3.81607	5.97591	5.18292	5.01816	7.04007	7.8763	6.04039	7.46356	7.70122	9.73214	12.6361	
15.2528	11.9973	8.713	5.55726	3.81607	0	3.77178	5.56887	6.86216	9.23228	9.96539	7.31339	9.44293	9.45705	12.2331	14.6948	
18.8183	15.62	12.1583	8.95717	5.97591	3.77178	0	3.80342	5.95998	8.8701	10.679	9.03047	11.9849	12.7725	15.4545	18.1775	
18.6081	15.481	11.7423	8.9375	5.18292	5.56887	3.80342	0	3.65407	7.33281	10.0457	9.42578	11.964	12.8385	14.7494	17.6408	
18.8946	15.4529	11.7695	8.59542	5.01816	6.86216	5.95998	3.65407	0	3.71026	6.75816	7.20298	9.81055	11.5719	13.4094	16.7759	
19.9189	16.2815	12.9148	9.63214	7.04007	9.23228	8.8701	7.33281	3.71026	0	3.75391	6.00777	8.48955	11.2547	13.0416	16.7434	
18.8731	15.1139	12.2818	9.01651	7.8763	9.96539	10.679	10.0457	6.75816	3.75391	0	3.80861	5.71675	9.18413	11.239	15.0065	
16.3667	12.5474	9.84215	6.25256	6.04039	7.31339	9.03047	9.42578	7.20298	6.00777	3.80861	0	3.75584	6.63382	9.65737	13.1267	
13.9602	10.2171	8.2776	5.8454	7.46356	9.44293	11.9849	11.964	9.81055	8.48955	5.71675	3.75584	0	3.78215	6.4097	9.89826	
10.236	6.50913	5.25424	4.41578	7.70122	9.45705	12.7725	12.8385	11.5719	11.2547	9.18413	6.63382	3.78215	0	3.82155	6.65688	
8.70396	5.60772	5.43035	6.7016	9.73214	12.2331	15.4545	14.7494	13.4094	13.0416	11.239	9.65737	6.4097	3.82155	0	3.80838	
5.8886	4.27626	6.53069	9.2408	12.6361	14.6948	18.1775	17.6408	16.7759	16.7434	15.0065	13.1267	9.89826	6.65688	3.80838	0	

