3pwp	
CYS	ALA	VAL	THR	THR	ASP	SER	TRP	GLY	LYS	LEU	GLN	PHE	
0	3.78074	6.77225	10.4649	13.9906	16.1977	17.1445	18.2549	15.5246	13.4912	9.87965	8.23837	5.84833	
3.78074	0	3.80833	7.01676	10.7212	12.6746	13.493	14.4777	11.809	9.88086	6.23288	5.31283	4.44319	
6.77225	3.80833	0	3.8685	7.23375	9.77141	11.4706	12.4634	9.50099	8.6232	5.80094	5.01315	6.56043	
10.4649	7.01676	3.8685	0	3.78066	5.99486	7.97246	8.86907	6.04505	6.44361	5.07515	6.10708	9.07033	
13.9906	10.7212	7.23375	3.78066	0	3.77969	7.20249	7.92147	5.51498	7.86429	8.13369	9.18991	12.5403	
16.1977	12.6746	9.77141	5.99486	3.77969	0	3.81706	5.35148	4.99061	8.2166	9.09077	11.3709	14.6604	
17.1445	13.493	11.4706	7.97246	7.20249	3.81706	0	3.76037	5.64755	8.20514	9.20587	12.4062	15.3688	
18.2549	14.4777	12.4634	8.86907	7.92147	5.35148	3.76037	0	3.79897	6.52737	9.00258	11.9876	15.2882	
15.5246	11.809	9.50099	6.04505	5.51498	4.99061	5.64755	3.79897	0	3.8247	6.40942	8.67919	12.2635	
13.4912	9.88086	8.6232	6.44361	7.86429	8.2166	8.20514	6.52737	3.8247	0	3.78261	6.05731	9.31856	
9.87965	6.23288	5.80094	5.07515	8.13369	9.09077	9.20587	9.00258	6.40942	3.78261	0	3.77791	6.3629	
8.23837	5.31283	5.01315	6.10708	9.18991	11.3709	12.4062	11.9876	8.67919	6.05731	3.77791	0	3.81175	
5.84833	4.44319	6.56043	9.07033	12.5403	14.6604	15.3688	15.2882	12.2635	9.31856	6.3629	3.81175	0	

