3qdg	
CYS	ALA	SER	SER	LEU	SER	PHE	GLY	THR	GLU	ALA	PHE	PHE	
0	3.76737	7.15873	10.8451	14.1642	15.3531	15.0494	15.7825	15.2578	13.5576	9.78719	8.56358	5.96216	
3.76737	0	3.7794	7.22661	10.717	12.0825	12.03	12.5765	11.639	9.8948	6.16559	5.33885	4.23652	
7.15873	3.7794	0	3.82507	7.01662	8.55663	9.22694	10.3559	9.09762	8.09791	5.14455	5.29325	6.64594	
10.8451	7.22661	3.82507	0	3.83492	5.47797	6.78816	7.68582	5.73063	5.53989	4.50765	6.25345	9.09759	
14.1642	10.717	7.01662	3.83492	0	3.78828	7.05217	8.67952	6.47631	7.50959	7.95412	9.28018	12.4436	
15.3531	12.0825	8.55663	5.47797	3.78828	0	3.82432	6.38971	5.86211	8.52235	9.30637	11.6824	14.5216	
15.0494	12.03	9.22694	6.78816	7.05217	3.82432	0	3.77621	5.63694	8.71301	9.31313	12.4691	14.7996	
15.7825	12.5765	10.3559	7.68582	8.67952	6.38971	3.77621	0	3.80658	6.91466	8.43172	12.1237	14.5522	
15.2578	11.639	9.09762	5.73063	6.47631	5.86211	5.63694	3.80658	0	3.7956	6.38539	9.72144	12.8004	
13.5576	9.8948	8.09791	5.53989	7.50959	8.52235	8.71301	6.91466	3.7956	0	3.79081	6.73578	9.92288	
9.78719	6.16559	5.14455	4.50765	7.95412	9.30637	9.31313	8.43172	6.38539	3.79081	0	3.82973	6.451	
8.56358	5.33885	5.29325	6.25345	9.28018	11.6824	12.4691	12.1237	9.72144	6.73578	3.82973	0	3.7695	
5.96216	4.23652	6.64594	9.09759	12.4436	14.5216	14.7996	14.5522	12.8004	9.92288	6.451	3.7695	0	

