3qdj	
CYS	ALA	SER	SER	LEU	SER	PHE	GLY	THR	GLU	ALA	PHE	PHE	
0	3.77853	7.08716	10.6521	13.9513	15.2423	14.9221	15.7071	15.1917	13.306	9.5655	8.55426	6.00729	
3.77853	0	3.74009	7.02511	10.4991	11.9788	11.9352	12.519	11.5747	9.67133	5.96985	5.2643	4.2391	
7.08716	3.74009	0	3.78748	6.86845	8.59304	9.32735	10.5064	9.24522	8.18549	5.24104	5.26287	6.62815	
10.6521	7.02511	3.78748	0	3.82747	5.54988	6.8225	7.68787	5.80373	5.63127	4.48874	6.04108	8.92828	
13.9513	10.4991	6.86845	3.82747	0	3.79718	7.01229	8.60031	6.496	7.72758	7.99123	9.11296	12.283	
15.2423	11.9788	8.59304	5.54988	3.79718	0	3.79125	6.2911	5.89074	8.64652	9.27812	11.5197	14.4311	
14.9221	11.9352	9.32735	6.8225	7.01229	3.79125	0	3.77942	5.75335	8.72547	9.18514	12.262	14.7001	
15.7071	12.519	10.5064	7.68787	8.60031	6.2911	3.77942	0	3.8328	6.81629	8.30116	11.8711	14.4504	
15.1917	11.5747	9.24522	5.80373	6.496	5.89074	5.75335	3.8328	0	3.83201	6.3915	9.47071	12.6763	
13.306	9.67133	8.18549	5.63127	7.72758	8.64652	8.72547	6.81629	3.83201	0	3.74558	6.45559	9.66437	
9.5655	5.96985	5.24104	4.48874	7.99123	9.27812	9.18514	8.30116	6.3915	3.74558	0	3.75387	6.35204	
8.55426	5.2643	5.26287	6.04108	9.11296	11.5197	12.262	11.8711	9.47071	6.45559	3.75387	0	3.7782	
6.00729	4.2391	6.62815	8.92828	12.283	14.4311	14.7001	14.4504	12.6763	9.66437	6.35204	3.7782	0	

