3qdm	
CYS	ALA	ILE	SER	GLU	VAL	GLY	VAL	GLY	GLN	PRO	GLN	HIS	PHE	
0	3.81764	7.10568	10.593	13.9146	16.1776	18.6567	19.605	18.1796	15.8504	13.6447	9.84064	8.69568	5.9476	
3.81764	0	3.77023	6.98795	10.4971	12.9826	15.1979	16.0608	14.5311	12.0578	9.89498	6.12128	5.53271	4.29307	
7.10568	3.77023	0	3.77337	6.87164	9.60251	12.09	13.5299	12.5152	9.58519	8.20242	5.14631	5.05804	6.23654	
10.593	6.98795	3.77337	0	3.77744	6.44746	8.43503	9.8495	9.09521	6.13076	5.96887	4.59197	6.45096	9.03198	
13.9146	10.4971	6.87164	3.77744	0	3.77867	6.14389	8.70593	9.09338	6.04985	7.56272	7.77844	9.23882	12.2326	
16.1776	12.9826	9.60251	6.44746	3.77867	0	3.7647	7.11374	9.01638	7.34997	10.0685	10.5772	12.6661	15.4157	
18.6567	15.1979	12.09	8.43503	6.14389	3.7647	0	3.75754	6.54327	6.20841	9.85638	11.5059	14.2135	17.2947	
19.605	16.0608	13.5299	9.8495	8.70593	7.11374	3.75754	0	3.80878	5.72683	9.40882	11.6226	14.9131	17.9589	
18.1796	14.5311	12.5152	9.09521	9.09338	9.01638	6.54327	3.80878	0	3.79619	6.61975	9.30818	12.7684	15.8084	
15.8504	12.0578	9.58519	6.13076	6.04985	7.34997	6.20841	5.72683	3.79619	0	3.86818	6.657	9.62243	12.9918	
13.6447	9.89498	8.20242	5.96887	7.56272	10.0685	9.85638	9.40882	6.61975	3.86818	0	3.81052	6.52896	9.86521	
9.84064	6.12128	5.14631	4.59197	7.77844	10.5772	11.5059	11.6226	9.30818	6.657	3.81052	0	3.82211	6.5017	
8.69568	5.53271	5.05804	6.45096	9.23882	12.6661	14.2135	14.9131	12.7684	9.62243	6.52896	3.82211	0	3.79529	
5.9476	4.29307	6.23654	9.03198	12.2326	15.4157	17.2947	17.9589	15.8084	12.9918	9.86521	6.5017	3.79529	0	

