3qdm	
CYS	ALA	GLY	GLY	THR	GLY	ASN	GLN	PHE	TYR	PHE	
0	3.77997	6.92987	10.2959	13.5966	16.0808	16.3215	13.6434	9.93785	8.46377	5.86323	
3.77997	0	3.77054	6.70784	10.0643	12.4163	12.5566	9.91861	6.28324	5.55147	4.44824	
6.92987	3.77054	0	3.8015	6.73523	9.54182	10.5292	8.40569	5.43617	5.28328	6.51291	
10.2959	6.70784	3.8015	0	3.75598	5.82084	6.97591	5.76548	4.50026	6.57379	9.01307	
13.5966	10.0643	6.73523	3.75598	0	3.73482	5.97822	5.77838	6.39499	8.20673	11.4668	
16.0808	12.4163	9.54182	5.82084	3.73482	0	3.64494	5.8654	8.05477	10.91	14.0767	
16.3215	12.5566	10.5292	6.97591	5.97822	3.64494	0	3.76741	7.10769	10.4927	13.5527	
13.6434	9.91861	8.40569	5.76548	5.77838	5.8654	3.76741	0	3.79348	7.02383	10.0957	
9.93785	6.28324	5.43617	4.50026	6.39499	8.05477	7.10769	3.79348	0	3.7653	6.4461	
8.46377	5.55147	5.28328	6.57379	8.20673	10.91	10.4927	7.02383	3.7653	0	3.73862	
5.86323	4.44824	6.51291	9.01307	11.4668	14.0767	13.5527	10.0957	6.4461	3.73862	0	

