3qeq	
CYS	ALA	GLY	GLY	THR	GLY	ASN	GLN	PHE	TYR	PHE	
0	3.77494	6.69541	10.1192	13.4782	16.7019	15.8759	13.3962	9.65708	8.33914	5.88945	
3.77494	0	3.78447	6.68589	10.1158	13.1172	12.1252	9.66179	5.9592	5.43148	4.50974	
6.69541	3.78447	0	3.79579	6.82561	10.2576	10.0944	8.15896	5.33913	5.18565	6.53387	
10.1192	6.68589	3.79579	0	3.79062	6.97554	6.57001	5.68956	4.56753	6.53338	9.13827	
13.4782	10.1158	6.82561	3.79062	0	3.80371	5.40791	5.56807	6.64119	8.2574	11.6274	
16.7019	13.1172	10.2576	6.97554	3.80371	0	3.81123	5.35882	8.29242	10.3453	14.0091	
15.8759	12.1252	10.0944	6.57001	5.40791	3.81123	0	3.8333	6.9376	10.084	13.3661	
13.3962	9.66179	8.15896	5.68956	5.56807	5.35882	3.8333	0	3.80858	6.61991	9.95651	
9.65708	5.9592	5.33913	4.56753	6.64119	8.29242	6.9376	3.80858	0	3.75902	6.48165	
8.33914	5.43148	5.18565	6.53338	8.2574	10.3453	10.084	6.61991	3.75902	0	3.78629	
5.88945	4.50974	6.53387	9.13827	11.6274	14.0091	13.3661	9.95651	6.48165	3.78629	0	

