3qeq	
CYS	ALA	ILE	SER	GLU	VAL	GLY	VAL	GLY	GLN	PRO	GLN	HIS	PHE	
0	3.79329	6.98124	10.4795	13.9531	15.9726	18.3218	18.6631	17.2534	15.5611	13.4454	9.6933	8.5893	5.83614	
3.79329	0	3.73608	6.92896	10.5536	12.8832	14.9994	15.3303	13.7912	11.838	9.74848	6.01401	5.37081	4.13791	
6.98124	3.73608	0	3.77735	7.00598	9.48474	11.9587	12.9669	12.0345	9.62694	8.45613	5.38472	5.30287	6.31854	
10.4795	6.92896	3.77735	0	3.83362	6.43814	8.39324	9.45093	8.73832	6.16308	6.16269	4.75532	6.48382	9.00108	
13.9531	10.5536	7.00598	3.83362	0	3.84146	6.14943	8.51668	8.95514	6.16444	7.82457	7.94315	9.36038	12.2883	
15.9726	12.8832	9.48474	6.43814	3.84146	0	3.76609	6.94907	8.95595	7.63452	10.372	10.7434	12.7502	15.3664	
18.3218	14.9994	11.9587	8.39324	6.14943	3.76609	0	3.76485	6.62957	6.50992	10.1235	11.6227	14.32	17.2628	
18.6631	15.3303	12.9669	9.45093	8.51668	6.94907	3.76485	0	3.80516	5.84007	9.37773	11.3558	14.69	17.5404	
17.2534	13.7912	12.0345	8.73832	8.95514	8.95595	6.62957	3.80516	0	3.81869	6.49419	8.97936	12.5465	15.4251	
15.5611	11.838	9.62694	6.16308	6.16444	7.63452	6.50992	5.84007	3.81869	0	3.85079	6.59028	9.63005	12.9437	
13.4454	9.74848	8.45613	6.16269	7.82457	10.372	10.1235	9.37773	6.49419	3.85079	0	3.76788	6.66999	9.94266	
9.6933	6.01401	5.38472	4.75532	7.94315	10.7434	11.6227	11.3558	8.97936	6.59028	3.76788	0	3.78179	6.49505	
8.5893	5.37081	5.30287	6.48382	9.36038	12.7502	14.32	14.69	12.5465	9.63005	6.66999	3.78179	0	3.76847	
5.83614	4.13791	6.31854	9.00108	12.2883	15.3664	17.2628	17.5404	15.4251	12.9437	9.94266	6.49505	3.76847	0	

