3qfj	
CYS	ALA	VAL	THR	THR	ASP	SER	TRP	GLY	LYS	LEU	GLN	PHE	
0	3.75267	6.76334	10.4322	13.967	16.0228	16.978	18.2444	15.5539	13.441	9.87564	8.29974	5.90744	
3.75267	0	3.76903	6.98859	10.7113	12.5298	13.3695	14.4958	11.8481	9.84544	6.23605	5.33055	4.42305	
6.76334	3.76903	0	3.84369	7.2198	9.61896	11.3106	12.4683	9.5407	8.53986	5.73087	5.06805	6.56942	
10.4322	6.98859	3.84369	0	3.82004	5.87153	7.83045	8.91158	6.13168	6.41015	4.98805	6.13876	9.05432	
13.967	10.7113	7.2198	3.82004	0	3.78165	7.17752	8.07073	5.68407	7.88872	8.10766	9.23952	12.5532	
16.0228	12.5298	9.61896	5.87153	3.78165	0	3.75326	5.5164	5.10252	8.21624	8.9091	11.2773	14.5187	
16.978	13.3695	11.3106	7.83045	7.17752	3.75326	0	3.81494	5.59132	8.18021	8.98714	12.2355	15.1712	
18.2444	14.4958	12.4683	8.91158	8.07073	5.5164	3.81494	0	3.78746	6.58435	8.9352	11.9323	15.2163	
15.5539	11.8481	9.5407	6.13168	5.68407	5.10252	5.59132	3.78746	0	3.80417	6.37356	8.65793	12.2344	
13.441	9.84544	8.53986	6.41015	7.88872	8.21624	8.18021	6.58435	3.80417	0	3.78682	5.89606	9.1981	
9.87564	6.23605	5.73087	4.98805	8.10766	8.9091	8.98714	8.9352	6.37356	3.78682	0	3.76607	6.35622	
8.29974	5.33055	5.06805	6.13876	9.23952	11.2773	12.2355	11.9323	8.65793	5.89606	3.76607	0	3.80829	
5.90744	4.42305	6.56942	9.05432	12.5532	14.5187	15.1712	15.2163	12.2344	9.1981	6.35622	3.80829	0	

