3qfj	
CYS	ALA	SER	ARG	PRO	GLY	LEU	ALA	GLY	GLY	ARG	PRO	GLU	GLN	TYR	PHE	
0	3.83521	7.18133	10.8967	14.0321	15.4973	19.1105	18.7501	18.8323	19.2282	18.6697	16.3789	14.0319	10.3083	8.65524	5.85207	
3.83521	0	3.82647	7.25928	10.6651	12.3324	15.9905	15.7374	15.4652	15.6205	14.8889	12.5527	10.2467	6.54194	5.44117	4.12917	
7.18133	3.82647	0	3.90667	6.90961	8.9214	12.4175	11.9357	11.7102	12.1919	11.9922	9.81356	8.28148	5.2972	5.34901	6.52876	
10.8967	7.25928	3.90667	0	3.84444	5.89661	9.31128	9.27964	8.62669	8.94699	8.6375	6.15294	5.74823	4.37148	6.56108	9.21534	
14.0321	10.6651	6.90961	3.84444	0	3.82671	6.17767	5.4785	5.08456	6.56391	7.74857	6.24423	7.60999	7.81017	9.7337	12.637	
15.4973	12.3324	8.9214	5.89661	3.82671	0	3.80761	5.51857	6.68863	8.77779	9.75861	7.43097	9.71872	9.79585	12.4457	14.9838	
19.1105	15.9905	12.4175	9.31128	6.17767	3.80761	0	3.77145	5.82425	8.64962	10.5228	9.21373	12.2524	13.1133	15.6912	18.4844	
18.7501	15.7374	11.9357	9.27964	5.4785	5.51857	3.77145	0	3.68828	7.31154	10.1808	9.88822	12.3667	13.2357	15.0386	17.9091	
18.8323	15.4652	11.7102	8.62669	5.08456	6.68863	5.82425	3.68828	0	3.66359	6.88151	7.62258	10.0542	11.7647	13.5057	16.8446	
19.2282	15.6205	12.1919	8.94699	6.56391	8.77779	8.64962	7.31154	3.66359	0	3.69304	6.00159	8.12604	10.7769	12.4749	16.1612	
18.6697	14.8889	11.9922	8.6375	7.74857	9.75861	10.5228	10.1808	6.88151	3.69304	0	3.79758	5.56216	9.01447	11.1147	14.9079	
16.3789	12.5527	9.81356	6.15294	6.24423	7.43097	9.21373	9.88822	7.62258	6.00159	3.79758	0	3.8051	6.62576	9.70483	13.2125	
14.0319	10.2467	8.28148	5.74823	7.60999	9.71872	12.2524	12.3667	10.0542	8.12604	5.56216	3.8051	0	3.80467	6.43138	9.99431	
10.3083	6.54194	5.2972	4.37148	7.81017	9.79585	13.1133	13.2357	11.7647	10.7769	9.01447	6.62576	3.80467	0	3.79616	6.73791	
8.65524	5.44117	5.34901	6.56108	9.7337	12.4457	15.6912	15.0386	13.5057	12.4749	11.1147	9.70483	6.43138	3.79616	0	3.82048	
5.85207	4.12917	6.52876	9.21534	12.637	14.9838	18.4844	17.9091	16.8446	16.1612	14.9079	13.2125	9.99431	6.73791	3.82048	0	

