3qib	
CYS	ALA	SER	SER	LEU	ASN	TRP	SER	GLN	ASP	THR	GLN	TYR	PHE	
0	3.81055	7.01557	10.4972	13.8542	15.6336	15.4881	18.2227	16.8276	14.5111	13.2083	9.41117	8.15217	5.61606	
3.81055	0	3.76623	6.89987	10.4168	12.2983	12.5357	15.0062	13.2853	11.0907	9.5477	5.80085	5.02867	4.27505	
7.01557	3.76623	0	3.79659	6.8602	9.11227	10.0685	12.7541	11.2178	10.0349	8.49992	5.62697	5.49533	6.86441	
10.4972	6.89987	3.79659	0	3.77272	5.7174	7.27073	9.43306	7.6873	7.29775	6.12666	5.08961	6.72842	9.43999	
13.8542	10.4168	6.8602	3.77272	0	3.79763	7.05325	8.90195	7.64672	8.95888	8.06119	8.36743	9.68815	12.7141	
15.6336	12.2983	9.11227	5.7174	3.79763	0	3.79601	5.45596	5.56444	8.01114	8.78514	9.88478	12.2458	15.1285	
15.4881	12.5357	10.0685	7.27073	7.05325	3.79601	0	3.81623	5.68669	7.62555	9.7498	10.5938	13.5361	15.8838	
18.2227	15.0062	12.7541	9.43306	8.90195	5.45596	3.81623	0	3.7929	6.79989	9.62715	11.7117	15.0742	17.7987	
16.8276	13.2853	11.2178	7.6873	7.64672	5.56444	5.68669	3.7929	0	3.84153	6.14609	8.91943	12.3071	15.3528	
14.5111	11.0907	10.0349	7.29775	8.95888	8.01114	7.62555	6.79989	3.84153	0	3.79616	6.2987	10.0388	12.7194	
13.2083	9.5477	8.49992	6.12666	8.06119	8.78514	9.7498	9.62715	6.14609	3.79616	0	3.86191	7.00848	10.1986	
9.41117	5.80085	5.62697	5.08961	8.36743	9.88478	10.5938	11.7117	8.91943	6.2987	3.86191	0	3.81954	6.53749	
8.15217	5.02867	5.49533	6.72842	9.68815	12.2458	13.5361	15.0742	12.3071	10.0388	7.00848	3.81954	0	3.75682	
5.61606	4.27505	6.86441	9.43999	12.7141	15.1285	15.8838	17.7987	15.3528	12.7194	10.1986	6.53749	3.75682	0	

