3qib	
CYS	ALA	ALA	LEU	ARG	ALA	THR	GLY	GLY	ASN	ASN	LYS	LEU	THR	PHE	
0	3.7985	6.89322	10.6183	12.9202	16.0772	18.2275	16.8893	19.7058	17.8078	15.9428	13.091	9.28312	8.21941	5.766	
3.7985	0	3.79659	7.17553	10.0059	13.1523	15.2108	13.5295	16.123	14.1041	12.1444	9.36954	5.57404	5.24673	4.45697	
6.89322	3.79659	0	3.80601	6.39267	9.38146	11.6518	10.4088	13.3129	11.947	10.0816	8.26567	5.17724	5.35327	6.79208	
10.6183	7.17553	3.80601	0	3.80794	6.42851	8.43573	6.90817	9.66334	8.64447	6.96703	6.30503	5.04928	6.18429	9.15172	
12.9202	10.0059	6.39267	3.80794	0	3.8213	5.33633	5.21967	8.81338	9.2963	8.87559	9.09559	8.47049	8.39946	11.3955	
16.0772	13.1523	9.38146	6.42851	3.8213	0	3.81988	5.64292	8.52737	10.0656	9.56385	11.1247	11.2831	11.9717	15.0473	
18.2275	15.2108	11.6518	8.43573	5.33633	3.81988	0	3.79312	6.4388	9.04562	10.0324	11.7519	12.613	12.7445	16.1192	
16.8893	13.5295	10.4088	6.90817	5.21967	5.64292	3.79312	0	3.77373	5.47455	6.98655	8.44813	9.90984	10.2429	13.9018	
19.7058	16.123	13.3129	9.66334	8.81338	8.52737	6.4388	3.77373	0	3.79372	6.50837	8.92695	11.5799	12.5132	16.2751	
17.8078	14.1041	11.947	8.64447	9.2963	10.0656	9.04562	5.47455	3.79372	0	3.8132	5.66748	8.92732	10.367	14.0368	
15.9428	12.1444	10.0816	6.96703	8.87559	9.56385	10.0324	6.98655	6.50837	3.8132	0	3.81193	6.98278	9.65664	13.0785	
13.091	9.36954	8.26567	6.30503	9.09559	11.1247	11.7519	8.44813	8.92695	5.66748	3.81193	0	3.80806	6.51513	9.66663	
9.28312	5.57404	5.17724	5.04928	8.47049	11.2831	12.613	9.90984	11.5799	8.92732	6.98278	3.80806	0	3.81628	6.38806	
8.21941	5.24673	5.35327	6.18429	8.39946	11.9717	12.7445	10.2429	12.5132	10.367	9.65664	6.51513	3.81628	0	3.7638	
5.766	4.45697	6.79208	9.15172	11.3955	15.0473	16.1192	13.9018	16.2751	14.0368	13.0785	9.66663	6.38806	3.7638	0	

