3sdx	
CYS	VAL	VAL	SER	ASP	ARG	GLY	SER	THR	LEU	GLY	ARG	LEU	TYR	PHE	
0	3.82649	6.92514	10.4703	13.7441	16.2983	17.0345	18.7289	18.4007	19.7428	16.4535	14.1935	10.4537	8.60876	6.39606	
3.82649	0	3.8579	6.93041	10.3564	12.8108	13.7897	15.212	14.7434	15.9409	12.6442	10.4563	6.72189	5.59823	4.72905	
6.92514	3.8579	0	3.84093	6.83282	9.58205	10.9748	12.9183	13.1513	13.7683	10.2946	8.65271	5.70008	5.26679	6.81945	
10.4703	6.93041	3.84093	0	3.79586	5.91236	7.61923	9.28005	9.68775	10.0586	6.71793	6.11335	4.56097	6.4251	9.16833	
13.7441	10.3564	6.83282	3.79586	0	3.84469	7.06511	8.87067	9.91385	8.93548	5.65521	6.03585	6.67611	8.3588	11.7969	
16.2983	12.8108	9.58205	5.91236	3.84469	0	3.81506	5.44212	7.48758	6.61481	4.85948	7.4523	8.81223	11.4709	14.7353	
17.0345	13.7897	10.9748	7.61923	7.06511	3.81506	0	3.83251	7.16912	7.84748	7.41131	10.2689	10.9194	13.8278	16.5783	
18.7289	15.212	12.9183	9.28005	8.87067	5.44212	3.83251	0	3.88025	5.10901	6.36367	9.79405	11.1499	14.6419	17.3803	
18.4007	14.7434	13.1513	9.68775	9.91385	7.48758	7.16912	3.88025	0	3.79158	5.49342	8.32721	9.8695	13.6397	16.138	
19.7428	15.9409	13.7683	10.0586	8.93548	6.61481	7.84748	5.10901	3.79158	0	3.83999	7.29691	10.1161	13.6157	16.7033	
16.4535	12.6442	10.2946	6.71793	5.65521	4.85948	7.41131	6.36367	5.49342	3.83999	0	3.8335	6.66274	9.94472	13.2351	
14.1935	10.4563	8.65271	6.11335	6.03585	7.4523	10.2689	9.79405	8.32721	7.29691	3.8335	0	3.82322	6.64603	9.96854	
10.4537	6.72189	5.70008	4.56097	6.67611	8.81223	10.9194	11.1499	9.8695	10.1161	6.66274	3.82322	0	3.79	6.60639	
8.60876	5.59823	5.26679	6.4251	8.3588	11.4709	13.8278	14.6419	13.6397	13.6157	9.94472	6.64603	3.79	0	3.78424	
6.39606	4.72905	6.81945	9.16833	11.7969	14.7353	16.5783	17.3803	16.138	16.7033	13.2351	9.96854	6.60639	3.78424	0	

