3sjv	
CYS	ALA	SER	GLY	GLN	GLY	ASN	PHE	ASP	ILE	GLN	TYR	PHE	
0	3.78475	7.11139	10.7374	14.187	15.6895	14.9683	13.3533	14.5486	13.3866	9.72604	8.29082	5.71525	
3.78475	0	3.78691	7.10918	10.6789	12.2214	11.971	10.4997	11.1787	9.79758	6.09994	5.10004	4.21149	
7.11139	3.78691	0	3.76848	7.13007	9.21609	9.63437	9.27792	9.73117	8.55872	5.39774	5.3302	6.78196	
10.7374	7.10918	3.76848	0	3.77518	6.27121	7.97487	8.35176	7.72435	6.42917	4.7633	6.0125	9.02546	
14.187	10.6789	7.13007	3.77518	0	3.78148	6.69826	8.61444	7.86777	7.69222	7.73235	9.60261	12.7885	
15.6895	12.2214	9.21609	6.27121	3.78148	0	3.78133	6.22344	5.63851	7.20979	8.5022	11.4827	14.5406	
14.9683	11.971	9.63437	7.97487	6.69826	3.78133	0	3.79511	5.60755	8.46092	9.27517	12.5645	14.9146	
13.3533	10.4997	9.27792	8.35176	8.61444	6.22344	3.79511	0	3.79418	6.8506	7.5679	11.1486	13.0459	
14.5486	11.1787	9.73117	7.72435	7.86777	5.63851	5.60755	3.79418	0	3.79122	6.24405	10.0296	12.6693	
13.3866	9.79758	8.55872	6.42917	7.69222	7.20979	8.46092	6.8506	3.79122	0	3.78508	7.11815	10.1933	
9.72604	6.09994	5.39774	4.7633	7.73235	8.5022	9.27517	7.5679	6.24405	3.78508	0	3.80829	6.64399	
8.29082	5.10004	5.3302	6.0125	9.60261	11.4827	12.5645	11.1486	10.0296	7.11815	3.80829	0	3.7965	
5.71525	4.21149	6.78196	9.02546	12.7885	14.5406	14.9146	13.0459	12.6693	10.1933	6.64399	3.7965	0	

