3sjv	
CYS	VAL	VAL	ARG	ALA	GLY	LYS	LEU	ILE	PHE	
0	3.7837	6.84247	10.2096	13.3628	15.7681	14.3833	10.7054	9.10074	6.52877	
3.7837	0	3.78962	6.63872	10.0291	12.2149	10.6963	6.99713	6.08146	4.63404	
6.84247	3.78962	0	3.79138	6.52586	9.18705	8.68457	5.71226	5.52212	6.48057	
10.2096	6.63872	3.79138	0	3.79738	6.22461	5.91038	3.93886	6.15437	8.44702	
13.3628	10.0291	6.52586	3.79738	0	3.81145	5.93878	6.28861	8.23192	11.3215	
15.7681	12.2149	9.18705	6.22461	3.81145	0	3.81636	6.42842	8.54405	12.1885	
14.3833	10.6963	8.68457	5.91038	5.93878	3.81636	0	3.81189	6.41761	9.84599	
10.7054	6.99713	5.71226	3.93886	6.28861	6.42842	3.81189	0	3.81626	6.55338	
9.10074	6.08146	5.52212	6.15437	8.23192	8.54405	6.41761	3.81626	0	3.80248	
6.52877	4.63404	6.48057	8.44702	11.3215	12.1885	9.84599	6.55338	3.80248	0	

