3t0e	
CYS	THR	VAL	TYR	GLY	GLY	ALA	THR	ASN	LYS	LEU	ILE	PHE	
0	3.77001	7.20903	10.1315	13.6177	17.0371	16.5	14.1841	15.7326	13.8172	10.4536	9.35709	7.56479	
3.77001	0	3.7989	6.72298	10.311	13.6216	12.9277	10.4351	12.0405	10.2862	7.23755	6.43858	6.14242	
7.20903	3.7989	0	3.79181	6.84501	9.95364	9.33431	7.32738	9.50295	8.84747	6.93628	7.13281	8.64156	
10.1315	6.72298	3.79181	0	3.81635	7.35995	7.80064	5.56964	6.68322	6.98305	5.92022	7.96757	10.2017	
13.6177	10.311	6.84501	3.81635	0	3.78669	5.63201	5.15937	6.29063	8.48444	8.90559	11.1639	13.8395	
17.0371	13.6216	9.95364	7.35995	3.78669	0	3.79783	5.62691	6.8289	10.0644	11.6307	13.667	16.7879	
16.5	12.9277	9.33431	7.80064	5.63201	3.79783	0	3.79063	6.56686	9.1723	11.0753	12.1614	15.5474	
14.1841	10.4351	7.32738	5.56964	5.15937	5.62691	3.79063	0	3.79849	5.49064	7.38736	8.63121	12.1354	
15.7326	12.0405	9.50295	6.68322	6.29063	6.8289	6.56686	3.79849	0	3.78388	6.72842	9.16443	12.6137	
13.8172	10.2862	8.84747	6.98305	8.48444	10.0644	9.1723	5.49064	3.78388	0	3.79106	5.94877	9.33592	
10.4536	7.23755	6.93628	5.92022	8.90559	11.6307	11.0753	7.38736	6.72842	3.79106	0	3.77995	6.25894	
9.35709	6.43858	7.13281	7.96757	11.1639	13.667	12.1614	8.63121	9.16443	5.94877	3.77995	0	3.77294	
7.56479	6.14242	8.64156	10.2017	13.8395	16.7879	15.5474	12.1354	12.6137	9.33592	6.25894	3.77294	0	

