3uts	
CYS	ALA	MET	ARG	GLY	ASP	SER	SER	TYR	LYS	LEU	ILE	PHE	
0	3.76545	6.97866	10.6932	14.1916	17.2616	18.6224	17.0394	14.9821	13.3851	9.62676	8.25344	5.59772	
3.76545	0	3.73873	7.18789	10.8555	13.8259	14.9633	13.2755	11.3096	9.74026	6.01338	5.25925	4.28862	
6.97866	3.73873	0	3.77776	7.22549	10.3699	11.792	10.7649	9.5107	8.48759	5.47007	5.4432	6.79995	
10.6932	7.18789	3.77776	0	3.78074	6.92133	8.03084	7.39784	7.10631	6.59018	5.2912	6.37725	9.27356	
14.1916	10.8555	7.22549	3.78074	0	3.81779	5.53256	6.73144	7.96725	8.50328	8.58493	9.78881	12.9342	
17.2616	13.8259	10.3699	6.92133	3.81779	0	3.80721	5.96829	7.70378	9.65246	10.7687	12.8327	16.0682	
18.6224	14.9633	11.792	8.03084	5.53256	3.80721	0	3.7689	7.08512	8.41968	10.6489	12.617	16.2692	
17.0394	13.2755	10.7649	7.39784	6.73144	5.96829	3.7689	0	3.75807	5.14661	8.06366	10.6693	14.2239	
14.9821	11.3096	9.5107	7.10631	7.96725	7.70378	7.08512	3.75807	0	3.78658	6.1159	9.60735	12.5743	
13.3851	9.74026	8.48759	6.59018	8.50328	9.65246	8.41968	5.14661	3.78658	0	3.75948	6.61415	9.82613	
9.62676	6.01338	5.47007	5.2912	8.58493	10.7687	10.6489	8.06366	6.1159	3.75948	0	3.79847	6.46343	
8.25344	5.25925	5.4432	6.37725	9.78881	12.8327	12.617	10.6693	9.60735	6.61415	3.79847	0	3.84133	
5.59772	4.28862	6.79995	9.27356	12.9342	16.0682	16.2692	14.2239	12.5743	9.82613	6.46343	3.84133	0	

