3uts	
CYS	ALA	SER	SER	LEU	TRP	GLU	LYS	LEU	ALA	LYS	ASN	ILE	GLN	TYR	PHE	
0	3.75647	7.00545	10.4554	14.1186	16.8376	18.8275	16.0048	14.8347	18.5389	18.2892	15.0163	13.3789	9.62585	8.34637	5.81537	
3.75647	0	3.7486	6.83956	10.5972	13.3961	15.1489	12.278	11.3718	15.1298	14.883	11.8745	9.96025	6.17551	5.19784	4.28424	
7.00545	3.7486	0	3.77129	7.30007	10.4702	12.393	10.0544	9.67802	13.4422	13.7696	11.445	9.37555	6.11278	5.50274	6.86613	
10.4554	6.83956	3.77129	0	3.82103	7.01079	8.6252	6.45411	6.53516	10.1314	10.713	9.12301	7.16277	5.27592	6.19584	8.99933	
14.1186	10.5972	7.30007	3.82103	0	3.77857	5.63595	5.19823	5.96994	8.61712	10.1401	9.7835	8.5257	8.2099	9.61127	12.7348	
16.8376	13.3961	10.4702	7.01079	3.77857	0	3.85735	5.39712	5.15878	6.27877	8.97347	9.39663	9.50131	10.2867	12.5782	15.6139	
18.8275	15.1489	12.393	8.6252	5.63595	3.85735	0	3.79761	5.71879	5.51519	7.28487	9.09966	8.84924	10.7678	12.9768	16.432	
16.0048	12.278	10.0544	6.45411	5.19823	5.39712	3.79761	0	3.84167	5.42699	5.50074	6.37021	5.16939	7.23001	9.55591	12.9992	
14.8347	11.3718	9.67802	6.53516	5.96994	5.15878	5.71879	3.84167	0	3.79691	5.02416	4.26537	5.13349	6.75453	10.044	12.7774	
18.5389	15.1298	13.4422	10.1314	8.61712	6.27877	5.51519	5.42699	3.79691	0	3.75172	5.44873	7.51207	10.1596	13.4925	16.2918	
18.2892	14.883	13.7696	10.713	10.1401	8.97347	7.28487	5.50074	5.02416	3.75172	0	3.81492	5.5218	9.05964	12.2916	15.0404	
15.0163	11.8745	11.445	9.12301	9.7835	9.39663	9.09966	6.37021	4.26537	5.44873	3.81492	0	3.75543	6.41898	10.0444	12.1762	
13.3789	9.96025	9.37555	7.16277	8.5257	9.50131	8.84924	5.16939	5.13349	7.51207	5.5218	3.75543	0	3.81006	6.8619	9.58011	
9.62585	6.17551	6.11278	5.27592	8.2099	10.2867	10.7678	7.23001	6.75453	10.1596	9.05964	6.41898	3.81006	0	3.74562	6.15185	
8.34637	5.19784	5.50274	6.19584	9.61127	12.5782	12.9768	9.55591	10.044	13.4925	12.2916	10.0444	6.8619	3.74562	0	3.77353	
5.81537	4.28424	6.86613	8.99933	12.7348	15.6139	16.432	12.9992	12.7774	16.2918	15.0404	12.1762	9.58011	6.15185	3.77353	0	

