3utt	
CYS	ALA	MET	ARG	GLY	ASP	SER	SER	TYR	LYS	LEU	ILE	PHE	
0	3.78541	6.89399	10.6474	14.0763	17.82	18.7977	17.0432	14.7923	13.5465	9.79614	8.09758	5.46197	
3.78541	0	3.79048	7.25482	10.8118	14.448	15.2314	13.298	11.0175	9.90839	6.17152	5.22275	4.22307	
6.89399	3.79048	0	3.81043	7.2047	10.9421	12.0645	10.7766	9.23395	8.72745	5.73788	5.3641	6.71241	
10.6474	7.25482	3.81043	0	3.79157	7.3404	8.26343	7.3501	6.75685	6.84273	5.54311	6.36871	9.24572	
14.0763	10.8118	7.2047	3.79157	0	3.79137	5.98319	6.52252	7.22899	8.67587	8.67067	10.0148	13.0363	
17.82	14.448	10.9421	7.3404	3.79137	0	3.81497	5.995	8.08674	10.1851	11.3639	13.1143	16.4255	
18.7977	15.2314	12.0645	8.26343	5.98319	3.81497	0	3.79864	7.28801	8.59801	10.8755	12.6167	16.2865	
17.0432	13.298	10.7766	7.3501	6.52252	5.995	3.79864	0	3.79808	5.29008	8.07515	10.5656	14.1235	
14.7923	11.0175	9.23395	6.75685	7.22899	8.08674	7.28801	3.79808	0	3.79443	5.73429	9.14293	12.1559	
13.5465	9.90839	8.72745	6.84273	8.67587	10.1851	8.59801	5.29008	3.79443	0	3.78653	6.5162	9.74705	
9.79614	6.17152	5.73788	5.54311	8.67067	11.3639	10.8755	8.07515	5.73429	3.78653	0	3.78962	6.43929	
8.09758	5.22275	5.3641	6.36871	10.0148	13.1143	12.6167	10.5656	9.14293	6.5162	3.78962	0	3.79591	
5.46197	4.22307	6.71241	9.24572	13.0363	16.4255	16.2865	14.1235	12.1559	9.74705	6.43929	3.79591	0	

