3utt	
CYS	ALA	SER	SER	LEU	TRP	GLU	LYS	LEU	ALA	LYS	ASN	ILE	GLN	TYR	PHE	
0	3.77549	6.80372	10.4123	13.9994	16.6939	18.7664	16.1953	15.142	18.8829	18.8364	15.5796	13.7493	9.95578	8.43853	5.77336	
3.77549	0	3.76356	6.95086	10.6567	13.2986	15.1302	12.4402	11.4996	15.2484	15.1396	12.0223	10.0729	6.28546	5.29512	4.11059	
6.80372	3.76356	0	3.78887	7.34026	10.4568	12.3046	10.097	9.71131	13.4945	13.8384	11.3821	9.17808	5.90631	5.09343	6.29062	
10.4123	6.95086	3.78887	0	3.786	6.89959	8.51655	6.567	6.51022	10.1381	10.7991	9.02006	7.05117	5.19323	6.08456	8.83582	
13.9994	10.6567	7.34026	3.786	0	3.7854	5.57199	5.37972	5.82859	8.57945	10.1553	9.56169	8.36769	8.08944	9.49021	12.5606	
16.6939	13.2986	10.4568	6.89959	3.7854	0	3.81023	5.44091	4.72743	6.0635	8.81985	8.9294	9.21478	9.9947	12.3565	15.397	
18.7664	15.1302	12.3046	8.51655	5.57199	3.81023	0	3.80122	5.42666	5.28607	7.08825	8.6619	8.60979	10.5732	12.8303	16.3408	
16.1953	12.4402	10.097	6.567	5.37972	5.44091	3.80122	0	3.79654	5.29268	5.27514	5.93992	4.89933	7.14473	9.52998	13.0833	
15.142	11.4996	9.71131	6.51022	5.82859	4.72743	5.42666	3.79654	0	3.80875	5.25791	4.23751	5.26858	6.78244	10.0806	12.9946	
18.8829	15.2484	13.4945	10.1381	8.57945	6.0635	5.28607	5.29268	3.80875	0	3.80452	5.28081	7.53926	10.1279	13.4813	16.5056	
18.8364	15.1396	13.8384	10.7991	10.1553	8.81985	7.08825	5.27514	5.25791	3.80452	0	3.81204	5.65945	9.16793	12.3917	15.4511	
15.5796	12.0223	11.3821	9.02006	9.56169	8.9294	8.6619	5.93992	4.23751	5.28081	3.81204	0	3.80623	6.4046	10.0504	12.5707	
13.7493	10.0729	9.17808	7.05117	8.36769	9.21478	8.60979	4.89933	5.26858	7.53926	5.65945	3.80623	0	3.80114	6.81113	9.84954	
9.95578	6.28546	5.90631	5.19323	8.08944	9.9947	10.5732	7.14473	6.78244	10.1279	9.16793	6.4046	3.80114	0	3.7881	6.40887	
8.43853	5.29512	5.09343	6.08456	9.49021	12.3565	12.8303	9.52998	10.0806	13.4813	12.3917	10.0504	6.81113	3.7881	0	3.79717	
5.77336	4.11059	6.29062	8.83582	12.5606	15.397	16.3408	13.0833	12.9946	16.5056	15.4511	12.5707	9.84954	6.40887	3.79717	0	

