3vwj	
CYS	ALA	SER	SER	GLY	LEU	ARG	ASP	ARG	GLY	LEU	TYR	GLU	GLN	TYR	PHE	
0	3.80289	7.20416	10.7518	13.7841	17.229	17.3723	20.6078	22.1669	22.6265	19.7047	16.283	13.8844	10.1882	8.63744	5.95818	
3.80289	0	3.80599	7.08041	10.2188	13.6078	13.8515	17.1893	18.5159	18.8553	15.9044	12.4888	10.1302	6.50221	5.56558	4.33745	
7.20416	3.80599	0	3.80423	6.63355	10.2394	11.1315	14.7629	15.9623	15.8929	13.1894	9.5722	8.01325	5.27248	5.33949	6.63305	
10.7518	7.08041	3.80423	0	3.80359	7.27137	8.82441	12.5394	13.0428	12.4676	9.63496	5.89958	5.26096	4.30125	6.48852	9.07423	
13.7841	10.2188	6.63355	3.80359	0	3.80476	6.16213	9.9271	10.5971	9.87227	7.97277	4.73296	5.56199	6.60001	8.13639	11.4861	
17.229	13.6078	10.2394	7.27137	3.80476	0	3.80948	6.99292	7.31268	6.51567	5.81699	4.44772	6.26988	8.85616	10.3788	14.0941	
17.3723	13.8515	11.1315	8.82441	6.16213	3.80948	0	3.80627	5.56211	6.92273	6.55654	6.2583	6.06196	8.61913	9.338	13.1361	
20.6078	17.1893	14.7629	12.5394	9.9271	6.99292	3.80627	0	3.80294	6.84634	7.9222	9.18719	8.97366	11.7343	12.1902	15.8335	
22.1669	18.5159	15.9623	13.0428	10.5971	7.31268	5.56211	3.80294	0	3.80039	5.5062	8.20149	8.93426	12.4244	13.9186	17.5739	
22.6265	18.8553	15.8929	12.4676	9.87227	6.51567	6.92273	6.84634	3.80039	0	3.79367	6.90639	9.18885	12.8963	15.0788	18.7688	
19.7047	15.9044	13.1894	9.63496	7.97277	5.81699	6.55654	7.9222	5.5062	3.79367	0	3.79979	6.06657	9.79926	12.5574	16.0317	
16.283	12.4888	9.5722	5.89958	4.73296	4.44772	6.2583	9.18719	8.20149	6.90639	3.79979	0	3.79334	6.92583	9.88536	13.2464	
13.8844	10.1302	8.01325	5.26096	5.56199	6.26988	6.06196	8.97366	8.93426	9.18885	6.06657	3.79334	0	3.78092	6.69731	9.99611	
10.1882	6.50221	5.27248	4.30125	6.60001	8.85616	8.61913	11.7343	12.4244	12.8963	9.79926	6.92583	3.78092	0	3.80145	6.47704	
8.63744	5.56558	5.33949	6.48852	8.13639	10.3788	9.338	12.1902	13.9186	15.0788	12.5574	9.88536	6.69731	3.80145	0	3.81401	
5.95818	4.33745	6.63305	9.07423	11.4861	14.0941	13.1361	15.8335	17.5739	18.7688	16.0317	13.2464	9.99611	6.47704	3.81401	0	

