3vwj	
CYS	VAL	VAL	SER	ASP	ARG	GLY	SER	THR	LEU	GLY	ARG	LEU	TYR	PHE	
0	3.79749	6.83719	10.2764	13.4577	16.015	17.1936	18.6391	18.0027	19.3611	16.184	13.9957	10.3855	8.42632	6.14628	
3.79749	0	3.80189	6.75581	10.0963	12.5851	14.0427	15.2292	14.4492	15.6092	12.4064	10.2494	6.66166	5.29498	4.32523	
6.83719	3.80189	0	3.80381	6.63477	9.38506	11.1582	12.9126	12.8525	13.5525	10.1296	8.59205	5.93403	5.18406	6.71129	
10.2764	6.75581	3.80381	0	3.81128	5.84436	7.87972	9.2982	9.33672	9.85149	6.54362	5.99134	4.65972	6.22296	8.89048	
13.4577	10.0963	6.63477	3.81128	0	3.81323	7.14073	8.96565	9.7844	9.01585	5.66328	6.10371	6.90701	8.20646	11.6079	
16.015	12.5851	9.38506	5.84436	3.81323	0	3.79189	5.51864	7.32533	6.75887	4.81682	7.40554	8.88607	11.2506	14.4523	
17.1936	14.0427	11.1582	7.87972	7.14073	3.79189	0	3.80004	7.02579	7.9258	7.43241	10.3751	11.2634	13.905	16.6082	
18.6391	15.2292	12.9126	9.2982	8.96565	5.51864	3.80004	0	3.79509	5.28838	6.47087	9.86727	11.2618	14.5841	17.2118	
18.0027	14.4492	12.8525	9.33672	9.7844	7.32533	7.02579	3.79509	0	3.79393	5.49152	8.24515	9.64273	13.3522	15.7137	
19.3611	15.6092	13.5525	9.85149	9.01585	6.75887	7.9258	5.28838	3.79393	0	3.79152	7.0604	9.81733	13.2713	16.2441	
16.184	12.4064	10.1296	6.54362	5.66328	4.81682	7.43241	6.47087	5.49152	3.79152	0	3.77176	6.59853	9.74302	12.9767	
13.9957	10.2494	8.59205	5.99134	6.10371	7.40554	10.3751	9.86727	8.24515	7.0604	3.77176	0	3.78107	6.54687	9.82336	
10.3855	6.66166	5.93403	4.65972	6.90701	8.88607	11.2634	11.2618	9.64273	9.81733	6.59853	3.78107	0	3.79498	6.43461	
8.42632	5.29498	5.18406	6.22296	8.20646	11.2506	13.905	14.5841	13.3522	13.2713	9.74302	6.54687	3.79498	0	3.80272	
6.14628	4.32523	6.71129	8.89048	11.6079	14.4523	16.6082	17.2118	15.7137	16.2441	12.9767	9.82336	6.43461	3.80272	0	

