3vwk	
CYS	ALA	SER	SER	GLY	LEU	ARG	ASP	ARG	GLY	LEU	TYR	GLU	GLN	TYR	PHE	
0	3.8348	7.30735	10.9738	14.1716	17.6394	18.2091	20.9312	22.7086	23.0883	20.0804	16.5128	14.2127	10.5177	8.73481	5.95133	
3.8348	0	3.83267	7.28414	10.528	13.9301	14.5868	17.401	18.9825	19.266	16.2495	12.6906	10.4331	6.80796	5.48959	4.19473	
7.30735	3.83267	0	3.8395	6.92469	10.5459	11.8062	15.0651	16.4098	16.2491	13.4129	9.7146	8.26983	5.4822	5.34927	6.59283	
10.9738	7.28414	3.8395	0	3.80559	7.3309	9.25228	12.6789	13.3683	12.7233	9.80571	6.0331	5.60147	4.50846	6.46415	9.1688	
14.1716	10.528	6.92469	3.80559	0	3.80945	6.36261	10.1093	10.7864	9.94007	7.86808	4.72675	5.69857	6.77842	8.34378	11.7047	
17.6394	13.9301	10.5459	7.3309	3.80945	0	3.78441	7.29373	7.48495	6.50519	5.58198	4.42115	6.33669	9.02306	10.6698	14.3815	
18.2091	14.5868	11.8062	9.25228	6.36261	3.78441	0	3.82067	5.5649	6.70117	6.53021	6.42464	6.46869	9.32368	10.1623	13.9323	
20.9312	17.401	15.0651	12.6789	10.1093	7.29373	3.82067	0	3.81376	6.91055	7.84955	9.13669	8.71588	11.7684	12.3906	16.0033	
22.7086	18.9825	16.4098	13.3683	10.7864	7.48495	5.5649	3.81376	0	3.8056	5.58914	8.33434	9.03825	12.6923	14.3157	18.0395	
23.0883	19.266	16.2491	12.7233	9.94007	6.50519	6.70117	6.91055	3.8056	0	3.81156	7.09527	9.35247	13.0847	15.3541	19.1393	
20.0804	16.2495	13.4129	9.80571	7.86808	5.58198	6.53021	7.84955	5.58914	3.81156	0	3.80663	6.23716	9.89622	12.7064	16.3549	
16.5128	12.6906	9.7146	6.0331	4.72675	4.42115	6.42464	9.13669	8.33434	7.09527	3.80663	0	3.80377	6.79891	9.7965	13.3215	
14.2127	10.4331	8.26983	5.60147	5.69857	6.33669	6.46869	8.71588	9.03825	9.35247	6.23716	3.80377	0	3.79933	6.61328	10.1524	
10.5177	6.80796	5.4822	4.50846	6.77842	9.02306	9.32368	11.7684	12.6923	13.0847	9.89622	6.79891	3.79933	0	3.79969	6.74752	
8.73481	5.48959	5.34927	6.46415	8.34378	10.6698	10.1623	12.3906	14.3157	15.3541	12.7064	9.7965	6.61328	3.79969	0	3.82195	
5.95133	4.19473	6.59283	9.1688	11.7047	14.3815	13.9323	16.0033	18.0395	19.1393	16.3549	13.3215	10.1524	6.74752	3.82195	0	

