3vwk	
CYS	VAL	VAL	SER	ASP	ARG	GLY	SER	THR	LEU	GLY	ARG	LEU	TYR	PHE	
0	3.81129	6.98648	10.4372	13.6691	16.0332	16.9203	18.2304	17.8945	19.2591	16.007	13.9538	10.3316	8.51965	6.19185	
3.81129	0	3.80142	6.86607	10.2157	12.5348	13.7436	14.82	14.3766	15.511	12.2192	10.1776	6.6076	5.36929	4.49901	
6.98648	3.80142	0	3.81003	6.69114	9.32411	10.913	12.5412	12.7979	13.3905	9.81302	8.28772	5.73008	5.1266	6.73655	
10.4372	6.86607	3.81003	0	3.79591	5.69537	7.59255	8.9369	9.37878	9.74008	6.21164	5.72255	4.68742	6.36779	9.14865	
13.6691	10.2157	6.69114	3.79591	0	3.82071	7.08784	8.7985	9.92264	8.96398	5.45741	5.82457	6.965	8.35376	11.8115	
16.0332	12.5348	9.32411	5.69537	3.82071	0	3.78605	5.35103	7.41398	6.66902	4.38957	7.04853	8.81488	11.2873	14.5647	
16.9203	13.7436	10.913	7.59255	7.08784	3.78605	0	3.81713	7.21073	7.96817	6.97753	9.99317	11.0531	13.7834	16.551	
18.2304	14.82	12.5412	8.9369	8.7985	5.35103	3.81713	0	3.81532	5.21743	5.91121	9.37505	10.9037	14.2998	17.0341	
17.8945	14.3766	12.7979	9.37878	9.92264	7.41398	7.21073	3.81532	0	3.78046	5.33054	8.07564	9.58082	13.3307	15.8325	
19.2591	15.511	13.3905	9.74008	8.96398	6.66902	7.96817	5.21743	3.78046	0	3.79497	6.89945	9.76565	13.2348	16.3434	
16.007	12.2192	9.81302	6.21164	5.45741	4.38957	6.97753	5.91121	5.33054	3.79497	0	3.76856	6.59981	9.7951	13.1171	
13.9538	10.1776	8.28772	5.72255	5.82457	7.04853	9.99317	9.37505	8.07564	6.89945	3.76856	0	3.81646	6.591	10.0159	
10.3316	6.6076	5.73008	4.68742	6.965	8.81488	11.0531	10.9037	9.58082	9.76565	6.59981	3.81646	0	3.79956	6.5849	
8.51965	5.36929	5.1266	6.36779	8.35376	11.2873	13.7834	14.2998	13.3307	13.2348	9.7951	6.591	3.79956	0	3.83438	
6.19185	4.49901	6.73655	9.14865	11.8115	14.5647	16.551	17.0341	15.8325	16.3434	13.1171	10.0159	6.5849	3.83438	0	

