3vxm	
CYS	ALA	SER	SER	PRO	THR	SER	GLY	ILE	TYR	GLU	GLN	TYR	PHE	
0	3.80538	7.15773	10.7098	14.3062	16.3714	19.5056	21.0596	19.5774	16.5881	13.8358	10.1029	8.59061	5.96655	
3.80538	0	3.79011	7.05287	10.7678	13.0477	15.9557	17.3252	15.7721	12.8274	10.1115	6.46117	5.44842	4.33537	
7.15773	3.79011	0	3.82088	7.21662	9.7654	12.5939	14.0846	13.048	10.5191	8.38195	5.61137	5.22972	6.60356	
10.7098	7.05287	3.82088	0	3.81731	6.52649	8.97215	10.3802	9.43518	6.98143	5.75693	4.76207	6.35888	9.08254	
14.3062	10.7678	7.21662	3.81731	0	3.79568	5.52746	7.23372	7.5215	6.34108	6.97852	7.84147	9.5157	12.6654	
16.3714	13.0477	9.7654	6.52649	3.79568	0	3.83109	7.20397	8.51819	7.32924	9.3185	10.4595	12.7622	15.5791	
19.5056	15.9557	12.5939	8.97215	5.52746	3.83109	0	3.8204	6.3756	6.93935	9.85606	12.1438	14.5211	17.8063	
21.0596	17.3252	14.0846	10.3802	7.23372	7.20397	3.8204	0	3.80313	6.41965	9.36171	12.4523	14.6897	18.3004	
19.5774	15.7721	13.048	9.43518	7.5215	8.51819	6.3756	3.80313	0	3.80689	6.44659	10.0357	12.5068	16.0853	
16.5881	12.8274	10.5191	6.98143	6.34108	7.32924	6.93935	6.41965	3.80689	0	3.79731	7.10994	10.2806	13.4867	
13.8358	10.1115	8.38195	5.75693	6.97852	9.3185	9.85606	9.36171	6.44659	3.79731	0	3.79694	6.78391	9.98206	
10.1029	6.46117	5.61137	4.76207	7.84147	10.4595	12.1438	12.4523	10.0357	7.10994	3.79694	0	3.79487	6.4141	
8.59061	5.44842	5.22972	6.35888	9.5157	12.7622	14.5211	14.6897	12.5068	10.2806	6.78391	3.79487	0	3.80527	
5.96655	4.33537	6.60356	9.08254	12.6654	15.5791	17.8063	18.3004	16.0853	13.4867	9.98206	6.4141	3.80527	0	

