3vxr	
CYS	ALA	SER	SER	SER	TRP	ASP	THR	GLY	GLU	LEU	PHE	PHE	
0	3.80136	7.11013	10.6072	14.0885	16.9443	19.1045	17.5062	14.5269	13.1893	9.45603	8.32742	5.62256	
3.80136	0	3.8049	6.95514	10.5088	13.516	15.4241	13.7252	10.8697	9.48072	5.84444	5.16255	4.15503	
7.11013	3.8049	0	3.78886	7.01441	9.93152	12.2046	11.143	8.5963	8.0104	5.43545	5.51656	6.78311	
10.6072	6.95514	3.78886	0	3.78618	6.73053	8.50991	7.41703	5.11155	5.29133	4.66491	6.35878	9.12792	
14.0885	10.5088	7.01441	3.78618	0	3.806	5.60701	5.80759	5.5004	6.52213	7.70459	8.98696	12.23	
16.9443	13.516	9.93152	6.73053	3.806	0	3.81691	6.23536	6.47945	9.05353	10.7595	12.6236	15.7464	
19.1045	15.4241	12.2046	8.50991	5.60701	3.81691	0	3.77939	6.04127	8.45775	11.3272	13.4899	17.0064	
17.5062	13.7252	11.143	7.41703	5.80759	6.23536	3.77939	0	3.79788	5.24285	8.70336	11.1345	14.7305	
14.5269	10.8697	8.5963	5.11155	5.5004	6.47945	6.04127	3.79788	0	3.80014	6.19813	9.39494	12.5187	
13.1893	9.48072	8.0104	5.29133	6.52213	9.05353	8.45775	5.24285	3.80014	0	3.79765	6.54038	9.91743	
9.45603	5.84444	5.43545	4.66491	7.70459	10.7595	11.3272	8.70336	6.19813	3.79765	0	3.78135	6.45697	
8.32742	5.16255	5.51656	6.35878	8.98696	12.6236	13.4899	11.1345	9.39494	6.54038	3.78135	0	3.80389	
5.62256	4.15503	6.78311	9.12792	12.23	15.7464	17.0064	14.7305	12.5187	9.91743	6.45697	3.80389	0	

