3vxr	
CYS	ALA	VAL	ARG	MET	ASP	SER	SER	TYR	LYS	LEU	ILE	PHE	
0	3.83	7.02356	10.6028	13.4423	16.672	18.2759	16.7989	15.8529	13.38	9.57617	8.40038	5.86811	
3.83	0	3.79898	7.01143	10.0853	13.3904	14.7543	13.0369	12.0385	9.63845	5.8587	5.23743	4.29466	
7.02356	3.79898	0	3.78398	6.47725	9.69335	11.3401	10.2039	9.8807	8.41824	5.3813	5.22658	6.6563	
10.6028	7.01143	3.78398	0	3.81935	6.64903	8.13936	6.77958	6.4741	6.18003	4.84397	6.34648	9.16744	
13.4423	10.0853	6.47725	3.81935	0	3.80881	4.99346	5.33308	7.17266	7.88368	7.80627	8.28098	11.5515	
16.672	13.3904	9.69335	6.64903	3.80881	0	3.81278	5.92826	8.03071	10.2134	10.9017	11.9869	15.26	
18.2759	14.7543	11.3401	8.13936	4.99346	3.81278	0	3.8272	7.29104	9.44474	11.149	11.9743	15.6336	
16.7989	13.0369	10.2039	6.77958	5.33308	5.92826	3.8272	0	3.82653	5.88199	8.34773	9.8455	13.5769	
15.8529	12.0385	9.8807	6.4741	7.17266	8.03071	7.29104	3.82653	0	3.82614	6.75044	9.56755	12.9177	
13.38	9.63845	8.41824	6.18003	7.88368	10.2134	9.44474	5.88199	3.82614	0	3.80736	6.49752	9.64471	
9.57617	5.8587	5.3813	4.84397	7.80627	10.9017	11.149	8.34773	6.75044	3.80736	0	3.82348	6.35626	
8.40038	5.23743	5.22658	6.34648	8.28098	11.9869	11.9743	9.8455	9.56755	6.49752	3.82348	0	3.78551	
5.86811	4.29466	6.6563	9.16744	11.5515	15.26	15.6336	13.5769	12.9177	9.64471	6.35626	3.78551	0	

