3vxs	
CYS	ALA	VAL	ARG	MET	ASP	SER	SER	TYR	LYS	LEU	ILE	PHE	
0	3.80735	7.02892	10.5514	13.2869	16.5817	18.2669	17.0757	15.7429	13.3617	9.54687	8.57049	5.95133	
3.80735	0	3.80354	6.98997	9.91017	13.3222	14.7264	13.3106	11.9943	9.63962	5.84699	5.30059	4.17029	
7.02892	3.80354	0	3.78008	6.3044	9.60233	11.3166	10.4531	9.75167	8.35061	5.29307	5.2926	6.61868	
10.5514	6.98997	3.78008	0	3.8041	6.70037	8.22076	6.99858	6.26401	5.9935	4.667	6.34967	9.08036	
13.2869	9.91017	6.3044	3.8041	0	3.82015	5.13354	5.63351	7.05695	7.73073	7.58343	8.10344	11.3578	
16.5817	13.3222	9.60233	6.70037	3.82015	0	3.8219	5.92857	7.92323	10.0917	10.7829	11.8505	15.1161	
18.2669	14.7264	11.3166	8.22076	5.13354	3.8219	0	3.83035	7.27505	9.3574	11.0599	11.8607	15.5517	
17.0757	13.3106	10.4531	6.99858	5.63351	5.92857	3.83035	0	3.77588	5.97327	8.53911	10.1303	13.8573	
15.7429	11.9943	9.75167	6.26401	7.05695	7.92323	7.27505	3.77588	0	3.82904	6.74245	9.58652	12.8727	
13.3617	9.63962	8.35061	5.9935	7.73073	10.0917	9.3574	5.97327	3.82904	0	3.8166	6.53646	9.63655	
9.54687	5.84699	5.29307	4.667	7.58343	10.7829	11.0599	8.53911	6.74245	3.8166	0	3.82207	6.26982	
8.57049	5.30059	5.2926	6.34967	8.10344	11.8505	11.8607	10.1303	9.58652	6.53646	3.82207	0	3.8317	
5.95133	4.17029	6.61868	9.08036	11.3578	15.1161	15.5517	13.8573	12.8727	9.63655	6.26982	3.8317	0	

