3vxs	
CYS	ALA	SER	SER	SER	TRP	ASP	THR	GLY	GLU	LEU	PHE	PHE	
0	3.80363	7.062	10.4576	14.0231	16.793	19.0449	17.7941	14.3963	13.2524	9.53646	8.48115	5.77835	
3.80363	0	3.76972	6.81427	10.3757	13.3484	15.3744	14.057	10.7719	9.54953	5.94451	5.23656	4.14904	
7.062	3.76972	0	3.78931	7.06632	9.84123	12.2661	11.652	8.48569	8.10584	5.58724	5.54256	6.72954	
10.4576	6.81427	3.78931	0	3.80006	6.67482	8.6012	7.90956	4.85251	5.22856	4.56306	6.2434	8.95055	
14.0231	10.3757	7.06632	3.80006	0	3.81849	5.53891	5.98796	4.71594	5.81775	7.25796	8.56587	11.9001	
16.793	13.3484	9.84123	6.67482	3.81849	0	3.80071	6.39145	5.95992	8.65002	10.4996	12.2762	15.4402	
19.0449	15.3744	12.2661	8.6012	5.53891	3.80071	0	3.81917	5.70533	8.17712	11.1714	13.328	16.8482	
17.7941	14.057	11.652	7.90956	5.98796	6.39145	3.81917	0	3.77917	5.3301	8.88099	11.4727	14.9988	
14.3963	10.7719	8.48569	4.85251	4.71594	5.95992	5.70533	3.77917	0	3.80143	6.15238	9.24412	12.3584	
13.2524	9.54953	8.10584	5.22856	5.81775	8.65002	8.17712	5.3301	3.80143	0	3.80731	6.51341	9.88284	
9.53646	5.94451	5.58724	4.56306	7.25796	10.4996	11.1714	8.88099	6.15238	3.80731	0	3.78455	6.41069	
8.48115	5.23656	5.54256	6.2434	8.56587	12.2762	13.328	11.4727	9.24412	6.51341	3.78455	0	3.81446	
5.77835	4.14904	6.72954	8.95055	11.9001	15.4402	16.8482	14.9988	12.3584	9.88284	6.41069	3.81446	0	

