3vxu	
CYS	ALA	SER	SER	GLY	ALA	SER	HIS	GLU	GLN	TYR	PHE	
0	3.79239	6.93526	10.4874	13.8531	17.016	17.7462	14.7084	13.1662	9.44489	8.21477	5.65255	
3.79239	0	3.782	6.91227	10.453	13.4295	13.9836	10.9799	9.41465	5.73715	5.2601	4.3874	
6.93526	3.782	0	3.79524	6.92064	10.208	11.3478	8.83653	7.98667	5.08879	5.4839	6.85541	
10.4874	6.91227	3.79524	0	3.74859	6.76101	7.59747	5.32637	5.34251	4.3635	6.57327	9.30973	
13.8531	10.453	6.92064	3.74859	0	3.7777	6.00198	5.72668	6.85324	7.49341	9.33918	12.5128	
17.016	13.4295	10.208	6.76101	3.7777	0	3.76087	5.92695	7.0536	9.20777	11.1124	14.7256	
17.7462	13.9836	11.3478	7.59747	6.00198	3.76087	0	3.79861	5.81798	9.01971	11.8118	15.3128	
14.7084	10.9799	8.83653	5.32637	5.72668	5.92695	3.79861	0	3.76498	6.31498	9.74698	12.7835	
13.1662	9.41465	7.98667	5.34251	6.85324	7.0536	5.81798	3.76498	0	3.76345	6.79273	10.022	
9.44489	5.73715	5.08879	4.3635	7.49341	9.20777	9.01971	6.31498	3.76345	0	3.74402	6.49791	
8.21477	5.2601	5.4839	6.57327	9.33918	11.1124	11.8118	9.74698	6.79273	3.74402	0	3.79509	
5.65255	4.3874	6.85541	9.30973	12.5128	14.7256	15.3128	12.7835	10.022	6.49791	3.79509	0	

