3vxu	
TRP	GLY	THR	TYR	ASN	GLN	GLY	GLY	LYS	LEU	ILE	PHE	
0	3.7514	6.84096	10.3273	12.2717	14.5678	16.8867	15.8289	13.2615	9.64824	8.31078	5.97216	
3.7514	0	3.80419	6.83077	9.39007	11.6811	13.5936	12.2143	9.78813	6.22946	5.96636	5.2297	
6.84096	3.80419	0	3.83936	5.94383	8.86882	10.4569	9.66985	8.11498	5.55289	5.79252	7.19311	
10.3273	6.83077	3.83936	0	3.83376	6.15836	6.9604	5.83782	4.90806	4.09342	5.95163	8.86679	
12.2717	9.39007	5.94383	3.83376	0	3.73665	5.24996	6.45227	6.45748	6.85722	7.10194	10.4062	
14.5678	11.6811	8.86882	6.15836	3.73665	0	3.78202	5.71624	5.60244	7.44008	7.48107	11.1938	
16.8867	13.5936	10.4569	6.9604	5.24996	3.78202	0	3.76985	6.15204	8.97231	10.3357	14.0762	
15.8289	12.2143	9.66985	5.83782	6.45227	5.71624	3.76985	0	3.7556	6.93138	9.51099	13.0313	
13.2615	9.78813	8.11498	4.90806	6.45748	5.60244	6.15204	3.7556	0	3.74031	6.3098	9.68651	
9.64824	6.22946	5.55289	4.09342	6.85722	7.44008	8.97231	6.93138	3.74031	0	3.78143	6.44397	
8.31078	5.96636	5.79252	5.95163	7.10194	7.48107	10.3357	9.51099	6.3098	3.78143	0	3.78266	
5.97216	5.2297	7.19311	8.86679	10.4062	11.1938	14.0762	13.0313	9.68651	6.44397	3.78266	0	

