3w0w	
TRP	GLY	THR	TYR	ASN	GLN	GLY	GLY	LYS	LEU	ILE	PHE	
0	3.75245	7.04022	10.6861	13.4889	17.0439	17.8459	15.3449	13.4722	9.81628	8.40246	5.65482	
3.75245	0	3.79454	7.09885	9.93668	13.5352	14.125	11.6101	9.7877	6.19635	5.32819	4.20742	
7.04022	3.79454	0	3.84189	6.81067	10.1257	11.2977	9.10909	8.12781	5.50631	5.49801	6.65661	
10.6861	7.09885	3.84189	0	3.79338	6.78485	7.63937	5.46029	5.48674	4.66435	6.3681	9.11127	
13.4889	9.93668	6.81067	3.79338	0	3.79513	5.05342	5.01617	4.94917	6.34388	7.23107	10.6975	
17.0439	13.5352	10.1257	6.78485	3.79513	0	3.83917	5.83012	7.46116	9.77216	10.9895	14.4868	
17.8459	14.125	11.2977	7.63937	5.05342	3.83917	0	3.80578	5.57895	8.94329	10.9005	14.6412	
15.3449	11.6101	9.10909	5.46029	5.01617	5.83012	3.80578	0	3.77278	6.32326	9.28393	12.7246	
13.4722	9.7877	8.12781	5.48674	4.94917	7.46116	5.57895	3.77278	0	3.80332	6.22828	9.81091	
9.81628	6.19635	5.50631	4.66435	6.34388	9.77216	8.94329	6.32326	3.80332	0	3.80735	6.65193	
8.40246	5.32819	5.49801	6.3681	7.23107	10.9895	10.9005	9.28393	6.22828	3.80735	0	3.79857	
5.65482	4.20742	6.65661	9.11127	10.6975	14.4868	14.6412	12.7246	9.81091	6.65193	3.79857	0	

