4e41	
CYS	ALA	SER	SER	GLN	ILE	ARG	GLU	THR	GLN	TYR	PHE	
0	3.78368	7.05504	10.5682	14.082	14.7413	15.7191	15.3488	13.4493	9.62183	8.26491	5.58893	
3.78368	0	3.76059	6.93079	10.5512	11.4894	12.4052	11.6819	9.82272	6.08689	5.15481	4.19454	
7.05504	3.76059	0	3.82172	7.30572	8.98193	10.7143	9.74749	8.64664	5.8349	5.47356	6.70934	
10.5682	6.93079	3.82172	0	3.74714	5.98007	7.67862	6.30348	6.14949	5.06941	6.43053	9.15828	
14.082	10.5512	7.30572	3.74714	0	3.82765	6.347	5.39123	7.28546	7.92955	9.88293	12.8658	
14.7413	11.4894	8.98193	5.98007	3.82765	0	3.81658	5.47241	8.36563	8.90485	11.7724	14.3165	
15.7191	12.4052	10.7143	7.67862	6.347	3.81658	0	3.80559	6.97242	8.36309	11.9137	14.5506	
15.3488	11.6819	9.74749	6.30348	5.39123	5.47241	3.80559	0	3.85264	6.5261	9.70639	12.9523	
13.4493	9.82272	8.64664	6.14949	7.28546	8.36563	6.97242	3.85264	0	3.85509	6.62933	9.98421	
9.62183	6.08689	5.8349	5.06941	7.92955	8.90485	8.36309	6.5261	3.85509	0	3.78324	6.51309	
8.26491	5.15481	5.47356	6.43053	9.88293	11.7724	11.9137	9.70639	6.62933	3.78324	0	3.77063	
5.58893	4.19454	6.70934	9.15828	12.8658	14.3165	14.5506	12.9523	9.98421	6.51309	3.77063	0	

