4e41	
CYS	ALA	VAL	ASP	ARG	GLY	SER	THR	LEU	GLY	ARG	LEU	TYR	PHE	
0	3.76899	6.65977	10.2169	12.3175	15.3779	17.8444	16.8104	17.4649	16.1152	13.3121	9.56291	8.46724	6.14345	
3.76899	0	3.72744	6.97536	9.3276	12.5981	14.769	13.3137	13.8436	12.4263	9.55011	5.81165	5.2376	4.26402	
6.65977	3.72744	0	3.79733	5.76553	8.90905	11.2732	10.3092	11.1899	10.6665	8.23635	5.21461	5.1397	6.51131	
10.2169	6.97536	3.79733	0	3.7913	6.19347	8.56825	7.3436	7.65774	7.62487	6.25235	4.97154	6.72915	9.3481	
12.3175	9.3276	5.76553	3.7913	0	3.79568	5.52976	5.48403	7.57765	9.02069	7.69685	7.25773	7.58884	10.7249	
15.3779	12.5981	8.90905	6.19347	3.79568	0	3.8002	5.7011	7.38237	9.98574	10.04	10.4284	11.3352	14.4499	
17.8444	14.769	11.2732	8.56825	5.52976	3.8002	0	3.86468	6.74833	10.0242	10.2155	11.5481	12.1708	15.6955	
16.8104	13.3137	10.3092	7.3436	5.48403	5.7011	3.86468	0	3.80641	6.60274	6.76298	8.90759	10.1236	13.839	
17.4649	13.8436	11.1899	7.65774	7.57765	7.38237	6.74833	3.80641	0	3.77735	6.00169	8.90671	11.3895	14.8874	
16.1152	12.4263	10.6665	7.62487	9.02069	9.98574	10.0242	6.60274	3.77735	0	3.78084	7.03336	10.256	13.3331	
13.3121	9.55011	8.23635	6.25235	7.69685	10.04	10.2155	6.76298	6.00169	3.78084	0	3.77137	6.64301	9.75364	
9.56291	5.81165	5.21461	4.97154	7.25773	10.4284	11.5481	8.90759	8.90671	7.03336	3.77137	0	3.82222	6.36491	
8.46724	5.2376	5.1397	6.72915	7.58884	11.3352	12.1708	10.1236	11.3895	10.256	6.64301	3.82222	0	3.75673	
6.14345	4.26402	6.51131	9.3481	10.7249	14.4499	15.6955	13.839	14.8874	13.3331	9.75364	6.36491	3.75673	0	

