4en3	
CYS	ALA	SER	SER	GLU	ASN	SER	GLY	THR	GLY	ARG	ILE	TYR	GLU	GLN	TYR	PHE	
0	3.80345	7.22596	10.8352	14.1062	16.7159	19.8771	22.6041	20.5633	19.3554	18.6724	16.4018	15.7591	13.3955	9.62425	8.35658	5.64543	
3.80345	0	3.7993	7.14278	10.5024	13.3304	16.3513	19.0559	17.0744	15.6698	14.874	12.6406	12.1194	9.81158	6.0306	5.19293	4.1465	
7.22596	3.7993	0	3.80953	6.949	9.55738	12.7024	15.3854	13.5166	12.4674	12.0523	9.66572	10.1082	8.5073	5.31508	5.19039	6.60998	
10.8352	7.14278	3.80953	0	3.80205	6.65948	9.30934	12.0624	10.5259	9.14881	8.43069	5.88043	6.93186	6.22607	4.71041	6.17757	9.08077	
14.1062	10.5024	6.949	3.80205	0	3.79683	6.5804	8.63531	6.73854	5.82107	6.38842	4.91206	7.71757	7.72814	7.63872	8.43137	11.8243	
16.7159	13.3304	9.55738	6.65948	3.79683	0	3.79408	6.16738	5.52752	6.5047	7.77909	6.11542	9.68759	10.8629	11.025	12.0803	15.2549	
19.8771	16.3513	12.7024	9.30934	6.5804	3.79408	0	3.79645	5.55291	6.42605	7.16003	6.02423	9.67424	11.9135	13.0951	14.7971	18.1857	
22.6041	19.0559	15.3854	12.0624	8.63531	6.16738	3.79645	0	3.80109	5.94061	8.03411	8.60949	12.2397	14.1388	15.6212	16.8145	20.3823	
20.5633	17.0744	13.5166	10.5259	6.73854	5.52752	5.55291	3.80109	0	3.79851	7.22099	8.35221	11.9206	12.788	13.8883	14.3331	17.8942	
19.3554	15.6698	12.4674	9.14881	5.82107	6.5047	6.42605	5.94061	3.79851	0	3.79313	6.09843	9.0663	9.68675	11.4573	12.2309	15.9944	
18.6724	14.874	12.0523	8.43069	6.38842	7.77909	7.16003	8.03411	7.22099	3.79313	0	3.80515	5.75491	7.01021	9.70259	11.4727	15.2185	
16.4018	12.6406	9.66572	5.88043	4.91206	6.11542	6.02423	8.60949	8.35221	6.09843	3.80515	0	3.7992	6.03425	7.95605	10.4465	13.9112	
15.7591	12.1194	10.1082	6.93186	7.71757	9.68759	9.67424	12.2397	11.9206	9.0663	5.75491	3.7992	0	3.81384	6.63773	9.94422	13.0386	
13.3955	9.81158	8.5073	6.22607	7.72814	10.8629	11.9135	14.1388	12.788	9.68675	7.01021	6.03425	3.81384	0	3.78892	6.70257	9.78259	
9.62425	6.0306	5.31508	4.71041	7.63872	11.025	13.0951	15.6212	13.8883	11.4573	9.70259	7.95605	6.63773	3.78892	0	3.79436	6.41536	
8.35658	5.19293	5.19039	6.17757	8.43137	12.0803	14.7971	16.8145	14.3331	12.2309	11.4727	10.4465	9.94422	6.70257	3.79436	0	3.8018	
5.64543	4.1465	6.60998	9.08077	11.8243	15.2549	18.1857	20.3823	17.8942	15.9944	15.2185	13.9112	13.0386	9.78259	6.41536	3.8018	0	

