4en3	
CYS	ALA	THR	TYR	ASP	ARG	GLY	SER	THR	LEU	GLY	ARG	LEU	TYR	PHE	
0	3.80681	6.9189	10.3386	13.389	16.2076	18.0391	19.5484	19.2954	19.4802	15.8209	13.4413	9.93893	8.23658	5.94325	
3.80681	0	3.80846	6.84676	10.0204	12.75	14.8389	16.078	15.6914	15.7003	12.0498	9.6569	6.18915	5.01789	4.26412	
6.9189	3.80846	0	3.80668	6.47297	9.46792	11.7691	13.4784	13.7567	13.4306	9.64183	7.85354	5.51772	5.1097	6.79095	
10.3386	6.84676	3.80668	0	3.80515	5.90876	8.25248	9.69421	10.1159	9.88881	6.14938	5.53959	4.66561	6.52512	9.30322	
13.389	10.0204	6.47297	3.80515	0	3.80904	7.18199	8.96561	10.1182	8.82137	5.50696	5.83477	7.11447	8.4323	11.8359	
16.2076	12.75	9.46792	5.90876	3.80904	0	3.79786	5.36145	7.32972	6.5302	4.34047	7.00052	8.99872	11.3916	14.7692	
18.0391	14.8389	11.7691	8.25248	7.18199	3.79786	0	3.79784	7.18572	7.99729	6.95565	10.1506	11.6342	14.415	17.4481	
19.5484	16.078	13.4784	9.69421	8.96561	5.36145	3.79784	0	3.80729	5.41031	6.0086	9.71081	11.7045	15.0114	18.1047	
19.2954	15.6914	13.7567	10.1159	10.1182	7.32972	7.18572	3.80729	0	3.80896	5.30675	8.49334	10.5153	14.1205	17.0461	
19.4802	15.7003	13.4306	9.88881	8.82137	6.5302	7.99729	5.41031	3.80896	0	3.792	6.8365	9.98379	13.0597	16.4401	
15.8209	12.0498	9.64183	6.14938	5.50696	4.34047	6.95565	6.0086	5.30675	3.792	0	3.78968	6.64234	9.65839	13.078	
13.4413	9.6569	7.85354	5.53959	5.83477	7.00052	10.1506	9.71081	8.49334	6.8365	3.78968	0	3.79971	6.26134	9.76766	
9.93893	6.18915	5.51772	4.66561	7.11447	8.99872	11.6342	11.7045	10.5153	9.98379	6.64234	3.79971	0	3.80536	6.57498	
8.23658	5.01789	5.1097	6.52512	8.4323	11.3916	14.415	15.0114	14.1205	13.0597	9.65839	6.26134	3.80536	0	3.80336	
5.94325	4.26412	6.79095	9.30322	11.8359	14.7692	17.4481	18.1047	17.0461	16.4401	13.078	9.76766	6.57498	3.80336	0	

