4eup	
CYS	ALA	SER	SER	PHE	LEU	GLY	THR	GLY	VAL	GLU	GLN	TYR	PHE	
0	3.81201	7.10339	10.81	14.3034	16.1197	18.916	20.3294	19.019	16.2418	13.642	9.84119	8.48678	5.81675	
3.81201	0	3.81137	7.22033	10.877	12.8444	15.4137	16.732	15.3571	12.4611	9.90923	6.12514	5.4165	4.38385	
7.10339	3.81137	0	3.80106	7.21655	9.45165	12.3172	14.1889	13.3895	10.1607	8.40978	5.24782	5.60455	6.8114	
10.81	7.22033	3.80106	0	3.77203	6.4071	8.8977	10.86	10.3164	6.88535	6.12715	4.71509	6.62096	9.34259	
14.3034	10.877	7.21655	3.77203	0	3.78994	6.39771	9.23606	9.83225	6.69744	7.81367	7.98341	10.0106	12.9888	
16.1197	12.8444	9.45165	6.4071	3.78994	0	3.8186	7.26313	9.09195	7.2047	9.54729	10.1451	12.8975	15.6264	
18.916	15.4137	12.3172	8.8977	6.39771	3.8186	0	3.79795	6.59069	6.13414	9.62411	11.4882	14.6853	17.7534	
20.3294	16.732	14.1889	10.86	9.23606	7.26313	3.79795	0	3.79071	5.59131	9.34029	12.0142	15.5308	18.648	
19.019	15.3571	13.3895	10.3164	9.83225	9.09195	6.59069	3.79071	0	3.74392	6.76381	9.96231	13.4643	16.5862	
16.2418	12.4611	10.1607	6.88535	6.69744	7.2047	6.13414	5.59131	3.74392	0	3.86125	6.93431	10.2263	13.578	
13.642	9.90923	8.40978	6.12715	7.81367	9.54729	9.62411	9.34029	6.76381	3.86125	0	3.81711	6.82685	10.1658	
9.84119	6.12514	5.24782	4.71509	7.98341	10.1451	11.4882	12.0142	9.96231	6.93431	3.81711	0	3.78603	6.68222	
8.48678	5.4165	5.60455	6.62096	10.0106	12.8975	14.6853	15.5308	13.4643	10.2263	6.82685	3.78603	0	3.78098	
5.81675	4.38385	6.8114	9.34259	12.9888	15.6264	17.7534	18.648	16.5862	13.578	10.1658	6.68222	3.78098	0	

