4ftv	
CYS	ALA	SER	ARG	PRO	GLY	LEU	MET	SER	ALA	GLN	PRO	GLU	GLN	TYR	PHE	
0	3.8004	6.99717	10.5992	13.8556	15.5831	19.064	19.2264	19.504	20.6156	18.4395	16.8667	14.194	10.4301	8.66162	5.86979	
3.8004	0	3.80637	7.07099	10.6007	12.3775	15.9723	16.2737	16.166	16.982	14.7633	13.0688	10.4876	6.71219	5.62426	4.29324	
6.99717	3.80637	0	3.82111	6.93541	9.18121	12.577	12.5433	12.519	13.7156	11.7721	10.7032	8.64438	5.47693	5.21419	6.30266	
10.5992	7.07099	3.82111	0	3.83015	5.83572	9.30799	9.69527	9.27341	10.0947	8.54222	7.41184	6.45723	4.6437	6.59106	9.10505	
13.8556	10.6007	6.93541	3.83015	0	3.82282	6.23116	5.90587	5.79725	7.58169	7.09724	7.48576	7.94767	7.76341	9.5606	12.4401	
15.5831	12.3775	9.18121	5.83572	3.82282	0	3.77275	5.90033	6.62506	7.6246	8.54884	8.09678	9.76164	9.69768	12.3068	14.9199	
19.064	15.9723	12.577	9.30799	6.23116	3.77275	0	3.84061	5.59495	7.10305	9.48047	10.0999	12.4609	13.0827	15.5729	18.384	
19.2264	16.2737	12.5433	9.69527	5.90587	5.90033	3.84061	0	3.84383	7.14857	9.07702	10.9411	12.7222	13.4829	15.2315	18.18	
19.504	16.166	12.519	9.27341	5.79725	6.62506	5.59495	3.84383	0	3.79277	5.57031	8.18111	10.2285	11.9475	13.9011	17.3202	
20.6156	16.982	13.7156	10.0947	7.58169	7.6246	7.10305	7.14857	3.79277	0	3.7945	5.98994	9.03285	11.6276	14.2342	17.8484	
18.4395	14.7633	11.7721	8.54222	7.09724	8.54884	9.48047	9.07702	5.57031	3.7945	0	3.83718	5.80327	8.85264	11.1489	14.9032	
16.8667	13.0688	10.7032	7.41184	7.48576	8.09678	10.0999	10.9411	8.18111	5.98994	3.83718	0	3.8016	6.77147	9.98901	13.4739	
14.194	10.4876	8.64438	6.45723	7.94767	9.76164	12.4609	12.7222	10.2285	9.03285	5.80327	3.8016	0	3.81635	6.52324	10.0593	
10.4301	6.71219	5.47693	4.6437	7.76341	9.69768	13.0827	13.4829	11.9475	11.6276	8.85264	6.77147	3.81635	0	3.79952	6.79302	
8.66162	5.62426	5.21419	6.59106	9.5606	12.3068	15.5729	15.2315	13.9011	14.2342	11.1489	9.98901	6.52324	3.79952	0	3.80634	
5.86979	4.29324	6.30266	9.10505	12.4401	14.9199	18.384	18.18	17.3202	17.8484	14.9032	13.4739	10.0593	6.79302	3.80634	0	

