4g8g	
CYS	ALA	SER	ARG	GLU	GLY	LEU	GLY	GLY	THR	GLU	ALA	PHE	PHE	
0	3.81362	6.83716	10.5035	13.9588	14.6404	14.6802	16.8912	15.3024	15.4954	13.6025	10.4663	8.55149	5.78858	
3.81362	0	3.77568	7.01628	10.6661	11.3917	11.542	13.3574	11.5618	11.6972	9.97936	6.81793	5.69394	4.33604	
6.83716	3.77568	0	3.78524	7.13578	8.37782	9.53838	11.3887	9.20171	10.0112	7.98054	6.05838	5.59936	6.57495	
10.5035	7.01628	3.78524	0	3.76441	5.51253	7.46762	8.4851	5.75155	6.98213	5.32534	5.03149	6.43576	8.96678	
13.9588	10.6661	7.13578	3.76441	0	3.8147	7.26796	7.84197	5.21959	7.54571	6.50577	8.01946	9.68518	12.5888	
14.6404	11.3917	8.37782	5.51253	3.8147	0	3.77905	5.24493	4.68706	8.27948	8.79121	9.44182	11.8238	14.1585	
14.6802	11.542	9.53838	7.46762	7.26796	3.77905	0	3.80827	5.60181	8.98454	10.5052	10.1386	12.9779	14.6767	
16.8912	13.3574	11.3887	8.4851	7.84197	5.24493	3.80827	0	3.78791	6.79033	9.44304	9.88885	13.3594	15.6306	
15.3024	11.5618	9.20171	5.75155	5.21959	4.68706	5.60181	3.78791	0	3.80847	5.77701	6.99401	10.3332	13.1653	
15.4954	11.6972	10.0112	6.98213	7.54571	8.27948	8.98454	6.79033	3.80847	0	3.81075	5.42543	8.94593	12.0324	
13.6025	9.97936	7.98054	5.32534	6.50577	8.79121	10.5052	9.44304	5.77701	3.81075	0	3.80137	6.08763	9.70796	
10.4663	6.81793	6.05838	5.03149	8.01946	9.44182	10.1386	9.88885	6.99401	5.42543	3.80137	0	3.82349	6.61271	
8.55149	5.69394	5.59936	6.43576	9.68518	11.8238	12.9779	13.3594	10.3332	8.94593	6.08763	3.82349	0	3.80912	
5.78858	4.33604	6.57495	8.96678	12.5888	14.1585	14.6767	15.6306	13.1653	12.0324	9.70796	6.61271	3.80912	0	

