4g8g	
CYS	ALA	MET	ARG	ASP	LEU	ARG	ASP	ASN	PHE	ASN	LYS	PHE	TYR	PHE	
0	3.77929	7.11625	10.7605	13.6659	17.4611	18.4213	18.3707	18.9437	15.3985	16.1127	13.4629	9.85092	8.35041	5.81963	
3.77929	0	3.77511	7.15129	10.33	14.0961	15.0295	14.6983	15.2593	11.7099	12.3489	9.80292	6.2619	5.23829	4.19282	
7.11625	3.77511	0	3.76507	6.61467	10.3917	11.6212	11.6263	11.9495	8.56117	10.0045	8.2223	5.59676	5.17823	6.66493	
10.7605	7.15129	3.76507	0	3.77961	7.21718	8.67558	8.21905	8.20591	4.82031	6.70688	6.03171	5.13037	6.2697	9.09959	
13.6659	10.33	6.61467	3.77961	0	3.80119	5.65931	6.57749	6.48648	4.67695	7.6482	8.09243	8.46952	8.94133	12.1508	
17.4611	14.0961	10.3917	7.21718	3.80119	0	3.83043	5.40586	4.47319	5.25527	8.30248	10.0329	11.4683	12.2843	15.7237	
18.4213	15.0295	11.6212	8.67558	5.65931	3.83043	0	3.8019	5.62042	7.05627	8.64015	9.72681	11.8008	11.983	15.6923	
18.3707	14.6983	11.6263	8.21905	6.57749	5.40586	3.8019	0	3.75944	5.31874	5.44793	7.17534	10.0976	11.2129	14.9656	
18.9437	15.2593	11.9495	8.20591	6.48648	4.47319	5.62042	3.75944	0	3.80041	5.43304	8.50063	10.9676	12.8628	16.378	
15.3985	11.7099	8.56117	4.82031	4.67695	5.25527	7.05627	5.31874	3.80041	0	3.78533	6.10421	7.67155	9.91576	13.1374	
16.1127	12.3489	10.0045	6.70688	7.6482	8.30248	8.64015	5.44793	5.43304	3.78533	0	3.80847	6.74036	9.50436	12.6894	
13.4629	9.80292	8.2223	6.03171	8.09243	10.0329	9.72681	7.17534	8.50063	6.10421	3.80847	0	3.73481	6.14474	9.26461	
9.85092	6.2619	5.59676	5.13037	8.46952	11.4683	11.8008	10.0976	10.9676	7.67155	6.74036	3.73481	0	3.78906	6.08673	
8.35041	5.23829	5.17823	6.2697	8.94133	12.2843	11.983	11.2129	12.8628	9.91576	9.50436	6.14474	3.78906	0	3.79673	
5.81963	4.19282	6.66493	9.09959	12.1508	15.7237	15.6923	14.9656	16.378	13.1374	12.6894	9.26461	6.08673	3.79673	0	

