4g9f	
CYS	ALA	SER	ARG	GLU	GLY	LEU	GLY	GLY	THR	GLU	ALA	PHE	PHE	
0	3.85135	6.74547	10.4704	13.9605	14.6587	14.7686	16.9468	15.3559	15.5542	13.6378	10.7535	8.60814	5.81354	
3.85135	0	3.8263	7.04372	10.7627	11.52	11.6838	13.4248	11.6312	11.71	10.0007	7.03207	5.63918	4.30727	
6.74547	3.8263	0	3.84898	7.22447	8.43992	9.59914	11.5029	9.30052	10.0989	8.06557	6.42496	5.75996	6.60377	
10.4704	7.04372	3.84898	0	3.8206	5.51444	7.39859	8.51339	5.74829	6.9642	5.35129	5.23432	6.53125	9.02842	
13.9605	10.7627	7.22447	3.8206	0	3.80864	7.23175	7.98693	5.22323	7.51671	6.45518	8.16358	9.79245	12.6485	
14.6587	11.52	8.43992	5.51444	3.80864	0	3.78219	5.50537	4.75903	8.37655	8.87415	9.63998	11.9258	14.3029	
14.7686	11.6838	9.59914	7.39859	7.23175	3.78219	0	3.84918	5.52788	8.99992	10.5673	10.254	13.0028	14.8799	
16.9468	13.4248	11.5029	8.51339	7.98693	5.50537	3.84918	0	3.8137	6.81259	9.57977	9.87064	13.3402	15.8083	
15.3559	11.6312	9.30052	5.74829	5.22323	4.75903	5.52788	3.8137	0	3.86367	5.90969	7.02405	10.364	13.3497	
15.5542	11.71	10.0989	6.9642	7.51671	8.37655	8.99992	6.81259	3.86367	0	3.90616	5.26582	8.87252	12.1927	
13.6378	10.0007	8.06557	5.35129	6.45518	8.87415	10.5673	9.57977	5.90969	3.90616	0	3.82429	6.08082	9.80598	
10.7535	7.03207	6.42496	5.23432	8.16358	9.63998	10.254	9.87064	7.02405	5.26582	3.82429	0	3.87429	6.93183	
8.60814	5.63918	5.75996	6.53125	9.79245	11.9258	13.0028	13.3402	10.364	8.87252	6.08082	3.87429	0	3.80495	
5.81354	4.30727	6.60377	9.02842	12.6485	14.3029	14.8799	15.8083	13.3497	12.1927	9.80598	6.93183	3.80495	0	

