4g9f	
CYS	ALA	MET	ARG	ASP	LEU	ARG	ASP	ASN	PHE	ASN	LYS	PHE	TYR	PHE	
0	3.82001	7.16322	10.8457	13.7794	17.6121	18.5779	18.7128	19.1817	15.5117	16.2437	13.6376	9.94365	8.51308	5.98602	
3.82001	0	3.79014	7.20312	10.4128	14.2098	15.1204	14.9842	15.4573	11.7941	12.4476	9.92629	6.30858	5.35642	4.31785	
7.16322	3.79014	0	3.8129	6.67601	10.4885	11.6891	11.9158	12.1584	8.63761	10.1177	8.33823	5.63196	5.30055	6.78419	
10.8457	7.20312	3.8129	0	3.8306	7.27179	8.70068	8.47948	8.36481	4.84299	6.78238	6.09808	5.1533	6.41254	9.24133	
13.7794	10.4128	6.67601	3.8306	0	3.84417	5.70427	6.89416	6.71056	4.70554	7.81893	8.23161	8.54668	9.11249	12.3369	
17.6121	14.2098	10.4885	7.27179	3.84417	0	3.91289	5.6681	4.63999	5.22018	8.4267	10.1303	11.5434	12.4718	15.9351	
18.5779	15.1204	11.6891	8.70068	5.70427	3.91289	0	3.8563	5.69236	6.97106	8.73611	9.76217	11.8024	12.0765	15.8386	
18.7128	14.9842	11.9158	8.47948	6.89416	5.6681	3.8563	0	3.89195	5.47129	5.66807	7.30459	10.2717	11.4588	15.2528	
19.1817	15.4573	12.1584	8.36481	6.71056	4.63999	5.69236	3.89195	0	3.86353	5.4772	8.53206	11.077	13.0861	16.6207	
15.5117	11.7941	8.63761	4.84299	4.70554	5.22018	6.97106	5.47129	3.86353	0	3.83077	6.10148	7.72403	10.045	13.2847	
16.2437	12.4476	10.1177	6.78238	7.81893	8.4267	8.73611	5.66807	5.4772	3.83077	0	3.80936	6.80114	9.68296	12.8506	
13.6376	9.92629	8.33823	6.09808	8.23161	10.1303	9.76217	7.30459	8.53206	6.10148	3.80936	0	3.78244	6.31256	9.42928	
9.94365	6.30858	5.63196	5.1533	8.54668	11.5434	11.8024	10.2717	11.077	7.72403	6.80114	3.78244	0	3.84485	6.15528	
8.51308	5.35642	5.30055	6.41254	9.11249	12.4718	12.0765	11.4588	13.0861	10.045	9.68296	6.31256	3.84485	0	3.84904	
5.98602	4.31785	6.78419	9.24133	12.3369	15.9351	15.8386	15.2528	16.6207	13.2847	12.8506	9.42928	6.15528	3.84904	0	

