4gg6	
CYS	ILE	LEU	ARG	ASP	GLY	ARG	GLY	GLY	ALA	ASP	GLY	LEU	THR	PHE	
0	3.79526	7.09158	9.9754	13.559	15.0999	17.65	15.5391	16.8299	16.1986	14.0585	10.6434	11.2627	10.6938	7.8431	
3.79526	0	3.79574	6.345	10.0202	11.9406	14.1805	11.9342	13.1276	12.6827	10.5486	7.02348	8.19159	8.40576	6.824	
7.09158	3.79574	0	3.80707	6.89675	9.33636	11.672	10.0099	11.4188	11.6482	9.18126	6.10916	8.72021	9.8752	9.60581	
9.9754	6.345	3.80707	0	3.7697	6.19006	8.01664	6.24327	8.15272	9.28765	7.80124	4.88355	7.24592	9.75784	10.6251	
13.559	10.0202	6.89675	3.7697	0	3.82069	5.17597	5.0066	7.38613	9.73617	8.74861	7.25827	9.74503	12.6799	14.1413	
15.0999	11.9406	9.33636	6.19006	3.82069	0	3.78529	5.57424	9.11896	12.1692	12.0318	10.2034	11.7503	15.0898	16.2907	
17.65	14.1805	11.672	8.01664	5.17597	3.78529	0	3.83849	6.89489	10.5403	11.3486	10.5254	11.6901	15.2834	17.2755	
15.5391	11.9342	10.0099	6.24327	5.0066	5.57424	3.83849	0	3.81427	7.09852	8.2474	7.30884	7.98385	11.6236	13.9038	
16.8299	13.1276	11.4188	8.15272	7.38613	9.11896	6.89489	3.81427	0	3.81729	6.00812	6.79701	7.31167	10.4804	13.5758	
16.1986	12.6827	11.6482	9.28765	9.73617	12.1692	10.5403	7.09852	3.81729	0	3.82193	5.77396	5.80739	7.90773	11.5002	
14.0585	10.5486	9.18126	7.80124	8.74861	12.0318	11.3486	8.2474	6.00812	3.82193	0	3.81532	6.0196	7.15518	10.2375	
10.6434	7.02348	6.10916	4.88355	7.25827	10.2034	10.5254	7.30884	6.79701	5.77396	3.81532	0	3.8042	5.63074	7.78018	
11.2627	8.19159	8.72021	7.24592	9.74503	11.7503	11.6901	7.98385	7.31167	5.80739	6.0196	3.8042	0	3.79036	6.43931	
10.6938	8.40576	9.8752	9.75784	12.6799	15.0898	15.2834	11.6236	10.4804	7.90773	7.15518	5.63074	3.79036	0	3.84659	
7.8431	6.824	9.60581	10.6251	14.1413	16.2907	17.2755	13.9038	13.5758	11.5002	10.2375	7.78018	6.43931	3.84659	0	

