4grl	
CYS	ALA	THR	SER	ALA	LEU	GLY	ASP	THR	GLN	TYR	PHE	
0	3.79915	6.93756	10.5801	14.0283	15.3771	13.2864	14.3776	13.1049	9.3807	8.30421	5.54638	
3.79915	0	3.7925	7.07229	10.7	12.123	10.1228	10.9417	9.39305	5.70112	5.03017	3.90047	
6.93756	3.7925	0	3.79145	7.09257	8.81565	7.66081	9.29224	8.07124	5.34528	5.49199	6.632	
10.5801	7.07229	3.79145	0	3.8157	5.47816	5.10123	6.64654	5.68518	4.9444	6.51153	9.19693	
14.0283	10.7	7.09257	3.8157	0	3.80932	6.1432	8.03075	7.63986	8.33697	9.61582	12.6159	
15.3771	12.123	8.81565	5.47816	3.80932	0	3.79685	6.28665	7.78765	9.27063	11.7395	14.575	
13.2864	10.1228	7.66081	5.10123	6.1432	3.79685	0	3.79497	6.20456	7.19894	10.4322	12.8038	
14.3776	10.9417	9.29224	6.64654	8.03075	6.28665	3.79497	0	3.85554	6.31848	9.99914	12.7087	
13.1049	9.39305	8.07124	5.68518	7.63986	7.78765	6.20456	3.85554	0	3.81375	6.90759	10.1229	
9.3807	5.70112	5.34528	4.9444	8.33697	9.27063	7.19894	6.31848	3.81375	0	3.84941	6.47647	
8.30421	5.03017	5.49199	6.51153	9.61582	11.7395	10.4322	9.99914	6.90759	3.84941	0	3.81054	
5.54638	3.90047	6.632	9.19693	12.6159	14.575	12.8038	12.7087	10.1229	6.47647	3.81054	0	

