4jfd	
CYS	ALA	TRP	SER	GLU	THR	GLY	LEU	GLY	MET	GLY	GLY	TRP	GLN	PHE	
0	3.81881	7.09893	10.7201	13.9997	15.9273	17.8204	17.8186	17.9715	17.2468	15.5991	12.1475	10.0525	8.53743	5.57691	
3.81881	0	3.75331	7.10392	10.5758	12.876	14.6696	14.4592	14.2802	13.4483	11.815	8.4398	6.3615	5.54866	4.2455	
7.09893	3.75331	0	3.8077	6.91908	9.25552	11.411	11.712	11.5134	11.1402	9.05771	6.11928	5.49394	6.11574	6.93166	
10.7201	7.10392	3.8077	0	3.7867	6.54874	8.25055	8.29699	7.77244	7.76112	5.89536	4.3103	4.85366	7.37343	9.62224	
13.9997	10.5758	6.91908	3.7867	0	3.70473	6.24351	7.4948	6.83682	7.72603	5.34633	5.80373	8.03321	10.4034	12.9751	
15.9273	12.876	9.25552	6.54874	3.70473	0	3.83741	6.80805	7.75328	10.027	8.51602	9.45315	11.1921	13.7571	15.9251	
17.8204	14.6696	11.411	8.25055	6.24351	3.83741	0	3.78755	6.15035	9.46052	9.45727	11.1313	12.2085	15.4575	17.7459	
17.8186	14.4592	11.712	8.29699	7.4948	6.80805	3.78755	0	3.79532	7.2485	8.66671	10.5825	10.9295	14.6235	17.1081	
17.9715	14.2802	11.5134	7.77244	6.83682	7.75328	6.15035	3.79532	0	3.71834	5.66353	8.42281	9.40781	13.0122	16.1039	
17.2468	13.4483	11.1402	7.76112	7.72603	10.027	9.46052	7.2485	3.71834	0	3.78364	6.51953	7.54905	10.8379	14.3082	
15.5991	11.815	9.05771	5.89536	5.34633	8.51602	9.45727	8.66671	5.66353	3.78364	0	3.76556	6.53909	9.06954	12.6448	
12.1475	8.4398	6.11928	4.3103	5.80373	9.45315	11.1313	10.5825	8.42281	6.51953	3.76556	0	3.77335	5.48899	8.97466	
10.0525	6.3615	5.49394	4.85366	8.03321	11.1921	12.2085	10.9295	9.40781	7.54905	6.53909	3.77335	0	3.85905	6.8287	
8.53743	5.54866	6.11574	7.37343	10.4034	13.7571	15.4575	14.6235	13.0122	10.8379	9.06954	5.48899	3.85905	0	3.82962	
5.57691	4.2455	6.93166	9.62224	12.9751	15.9251	17.7459	17.1081	16.1039	14.3082	12.6448	8.97466	6.8287	3.82962	0	

