4jfe	
CYS	ALA	TRP	SER	GLU	THR	GLY	LEU	GLY	MET	GLY	GLY	TRP	GLN	PHE	
0	3.80621	7.22873	10.8172	14.2014	15.8135	17.7692	18.0875	18.0741	17.2803	15.7416	12.2246	10.0668	8.48866	5.53525	
3.80621	0	3.83132	7.16919	10.6941	12.6727	14.5686	14.694	14.3743	13.5035	11.9707	8.54075	6.42646	5.57114	4.29719	
7.22873	3.83132	0	3.81242	6.97484	8.97357	11.2352	11.8442	11.4998	11.1141	9.13998	6.11885	5.50357	6.08005	7.00087	
10.8172	7.16919	3.81242	0	3.86157	6.30388	8.09879	8.37656	7.72878	7.7275	6.05643	4.38201	4.89309	7.38982	9.68487	
14.2014	10.6941	6.97484	3.86157	0	3.77208	6.35048	7.61822	6.66752	7.48923	5.13999	5.53666	7.9365	10.2493	12.969	
15.8135	12.6727	8.97357	6.30388	3.77208	0	3.81942	6.79496	7.62402	9.9193	8.49287	9.20924	11.0089	13.4782	15.711	
17.7692	14.5686	11.2352	8.09879	6.35048	3.81942	0	3.78505	6.17277	9.53645	9.62665	11.0885	12.2257	15.3712	17.6702	
18.0875	14.694	11.8442	8.37656	7.61822	6.79496	3.78505	0	3.81637	7.36163	8.91799	10.7594	11.2247	14.8409	17.3431	
18.0741	14.3743	11.4998	7.72878	6.66752	7.62402	6.17277	3.81637	0	3.80177	5.80012	8.48029	9.54232	13.1005	16.19	
17.2803	13.5035	11.1141	7.7275	7.48923	9.9193	9.53645	7.36163	3.80177	0	3.85043	6.56024	7.57922	10.879	14.3259	
15.7416	11.9707	9.13998	6.05643	5.13999	8.49287	9.62665	8.91799	5.80012	3.85043	0	3.78487	6.60259	9.09651	12.71	
12.2246	8.54075	6.11885	4.38201	5.53666	9.20924	11.0885	10.7594	8.48029	6.56024	3.78487	0	3.80133	5.51434	9.03537	
10.0668	6.42646	5.50357	4.89309	7.9365	11.0089	12.2257	11.2247	9.54232	7.57922	6.60259	3.80133	0	3.81072	6.79538	
8.48866	5.57114	6.08005	7.38982	10.2493	13.4782	15.3712	14.8409	13.1005	10.879	9.09651	5.51434	3.81072	0	3.82439	
5.53525	4.29719	7.00087	9.68487	12.969	15.711	17.6702	17.3431	16.19	14.3259	12.71	9.03537	6.79538	3.82439	0	

