4jfe	
CYS	ALA	VAL	ASN	ASP	GLY	GLY	ARG	LEU	THR	PHE	
0	3.78623	6.801	10.1947	12.7301	15.6872	16.3463	13.4758	9.76105	8.55818	5.91773	
3.78623	0	3.75492	6.65802	9.36643	12.0489	12.5729	9.71998	6.05529	5.44911	4.28963	
6.801	3.75492	0	3.73858	6.09341	9.13149	10.5036	8.43791	5.58792	5.21081	6.33416	
10.1947	6.65802	3.73858	0	3.79007	5.71048	6.92922	5.68929	4.48562	6.0245	8.65824	
12.7301	9.36643	6.09341	3.79007	0	3.84437	6.81814	6.37165	6.46377	6.73611	10.0972	
15.6872	12.0489	9.13149	5.71048	3.84437	0	3.7719	5.43088	7.59568	9.22156	12.8309	
16.3463	12.5729	10.5036	6.92922	6.81814	3.7719	0	3.80225	7.17149	9.98346	13.3801	
13.4758	9.71998	8.43791	5.68929	6.37165	5.43088	3.80225	0	3.77244	6.71778	9.92908	
9.76105	6.05529	5.58792	4.48562	6.46377	7.59568	7.17149	3.77244	0	3.80531	6.40586	
8.55818	5.44911	5.21081	6.0245	6.73611	9.22156	9.98346	6.71778	3.80531	0	3.78468	
5.91773	4.28963	6.33416	8.65824	10.0972	12.8309	13.3801	9.92908	6.40586	3.78468	0	

