4jff	
CYS	ALA	VAL	ASN	ASP	GLY	GLY	ARG	LEU	THR	PHE	
0	3.76088	6.88493	10.3004	12.7113	15.7183	16.235	13.3397	9.63684	8.57854	5.92879	
3.76088	0	3.75119	6.72881	9.25089	12.05	12.4952	9.63678	5.98948	5.44398	4.34717	
6.88493	3.75119	0	3.86275	6.0215	9.12183	10.3868	8.35048	5.55414	5.34864	6.50826	
10.3004	6.72881	3.86275	0	3.82227	5.70883	6.6905	5.49644	4.44148	6.20789	8.88316	
12.7113	9.25089	6.0215	3.82227	0	3.78418	6.63614	6.23925	6.37607	6.72798	10.1161	
15.7183	12.05	9.12183	5.70883	3.78418	0	3.75927	5.48454	7.67178	9.24341	12.9099	
16.235	12.4952	10.3868	6.6905	6.63614	3.75927	0	3.77098	7.15103	9.89495	13.3764	
13.3397	9.63678	8.35048	5.49644	6.23925	5.48454	3.77098	0	3.75992	6.65935	9.94906	
9.63684	5.98948	5.55414	4.44148	6.37607	7.67178	7.15103	3.75992	0	3.78298	6.44922	
8.57854	5.44398	5.34864	6.20789	6.72798	9.24341	9.89495	6.65935	3.78298	0	3.83418	
5.92879	4.34717	6.50826	8.88316	10.1161	12.9099	13.3764	9.94906	6.44922	3.83418	0	

