4jff	
CYS	ALA	TRP	SER	GLU	THR	GLY	LEU	GLY	MET	GLY	GLY	TRP	GLN	PHE	
0	3.82427	7.17692	10.7822	14.1126	15.6948	17.8001	17.7782	18.0684	17.2048	15.6599	12.214	10.1504	8.49954	5.61809	
3.82427	0	3.82825	7.15916	10.6809	12.6597	14.6553	14.3998	14.3647	13.3958	11.8822	8.52236	6.44097	5.46928	4.28375	
7.17692	3.82825	0	3.80955	6.95332	9.00126	11.3537	11.5963	11.5389	11.0175	9.02302	6.12016	5.47974	5.98099	6.96772	
10.7822	7.15916	3.80955	0	3.84125	6.36774	8.21933	8.15314	7.78296	7.63298	5.90439	4.40065	4.78024	7.26443	9.66616	
14.1126	10.6809	6.95332	3.84125	0	3.71405	6.24677	7.34851	6.80651	7.57401	5.23426	5.82361	7.97283	10.3309	13.0371	
15.6948	12.6597	9.00126	6.36774	3.71405	0	3.79884	6.65176	7.8223	9.9905	8.54147	9.44237	10.9697	13.4981	15.7469	
17.8001	14.6553	11.3537	8.21933	6.24677	3.79884	0	3.7789	6.27695	9.52229	9.5603	11.246	12.1453	15.3478	17.7617	
17.7782	14.3998	11.5963	8.15314	7.34851	6.65176	3.7789	0	3.79016	7.20754	8.67486	10.6013	10.7765	14.4324	17.0716	
18.0684	14.3647	11.5389	7.78296	6.80651	7.8223	6.27695	3.79016	0	3.72987	5.78419	8.55501	9.36703	12.9695	16.1877	
17.2048	13.3958	11.0175	7.63298	7.57401	9.9905	9.52229	7.20754	3.72987	0	3.84175	6.51037	7.39142	10.7004	14.2582	
15.6599	11.8822	9.02302	5.90439	5.23426	8.54147	9.5603	8.67486	5.78419	3.84175	0	3.78484	6.53838	9.04385	12.6824	
12.214	8.52236	6.12016	4.40065	5.82361	9.44237	11.246	10.6013	8.55501	6.51037	3.78484	0	3.8267	5.43766	8.991	
10.1504	6.44097	5.47974	4.78024	7.97283	10.9697	12.1453	10.7765	9.36703	7.39142	6.53838	3.8267	0	3.8323	6.94593	
8.49954	5.46928	5.98099	7.26443	10.3309	13.4981	15.3478	14.4324	12.9695	10.7004	9.04385	5.43766	3.8323	0	3.83497	
5.61809	4.28375	6.96772	9.66616	13.0371	15.7469	17.7617	17.0716	16.1877	14.2582	12.6824	8.991	6.94593	3.83497	0	

