4jrx	
CYS	ALA	LEU	SER	GLY	PHE	TYR	ASN	THR	ASP	LYS	LEU	ILE	PHE	
0	3.80324	7.13144	10.5762	14.1501	16.436	18.864	19.7335	20.1014	16.5779	13.9174	10.4893	8.52625	5.82355	
3.80324	0	3.79905	6.89618	10.5873	12.9679	15.1644	15.9922	16.3079	12.7921	10.2452	6.82083	5.44704	4.35981	
7.13144	3.79905	0	3.80251	7.17202	10.0325	12.3429	13.7683	13.781	10.0708	8.27443	5.75575	5.29558	6.55685	
10.5762	6.89618	3.80251	0	3.78564	6.60747	8.55944	10.0718	10.2539	6.64671	5.83402	4.37327	6.25743	8.97184	
14.1501	10.5873	7.17202	3.78564	0	3.83495	5.79325	8.4173	8.51171	5.36408	6.85047	7.25752	9.56295	12.627	
16.436	12.9679	10.0325	6.60747	3.83495	0	3.83599	7.1094	8.69429	6.9023	9.21768	9.49259	12.5328	15.4228	
18.864	15.1644	12.3429	8.55944	5.79325	3.83599	0	3.82514	5.44854	5.29031	8.55697	10.087	13.4316	16.7735	
19.7335	15.9922	13.7683	10.0718	8.4173	7.1094	3.82514	0	3.86558	5.4404	8.04797	9.91939	13.4909	16.8591	
20.1014	16.3079	13.781	10.2539	8.51171	8.69429	5.44854	3.86558	0	3.78818	6.75111	9.8845	12.793	16.4864	
16.5779	12.7921	10.0708	6.64671	5.36408	6.9023	5.29031	5.4404	3.78818	0	3.82034	6.77062	9.48691	13.2006	
13.9174	10.2452	8.27443	5.83402	6.85047	9.21768	8.55697	8.04797	6.75111	3.82034	0	3.83165	6.07214	9.79529	
10.4893	6.82083	5.75575	4.37327	7.25752	9.49259	10.087	9.91939	9.8845	6.77062	3.83165	0	3.83311	6.94214	
8.52625	5.44704	5.29558	6.25743	9.56295	12.5328	13.4316	13.4909	12.793	9.48691	6.07214	3.83311	0	3.79767	
5.82355	4.35981	6.55685	8.97184	12.627	15.4228	16.7735	16.8591	16.4864	13.2006	9.79529	6.94214	3.79767	0	

