4jrx	
CYS	ALA	SER	PRO	GLY	GLU	THR	GLU	ALA	PHE	PHE	
0	3.86418	7.19423	10.0274	13.4712	16.9261	16.3029	12.945	9.31784	8.32003	5.79642	
3.86418	0	3.85503	6.18474	9.67682	13.074	12.5776	9.40213	5.74507	5.37397	4.55677	
7.19423	3.85503	0	3.83611	6.67291	10.3751	10.7363	8.50885	5.69355	5.43257	7.0161	
10.0274	6.18474	3.83611	0	3.78614	7.02062	7.43293	5.65157	3.75649	5.64847	8.31758	
13.4712	9.67682	6.67291	3.78614	0	3.78208	5.30175	5.70731	6.311	7.54294	11.0521	
16.9261	13.074	10.3751	7.02062	3.78208	0	3.80377	6.52397	8.65615	10.4099	13.9889	
16.3029	12.5776	10.7363	7.43293	5.30175	3.80377	0	3.85864	7.28522	8.82248	12.2833	
12.945	9.40213	8.50885	5.65157	5.70731	6.52397	3.85864	0	3.85122	5.6287	8.66538	
9.31784	5.74507	5.69355	3.75649	6.311	8.65615	7.28522	3.85122	0	3.86072	5.98477	
8.32003	5.37397	5.43257	5.64847	7.54294	10.4099	8.82248	5.6287	3.86072	0	3.85456	
5.79642	4.55677	7.0161	8.31758	11.0521	13.9889	12.2833	8.66538	5.98477	3.85456	0	

