4jry	
CYS	ALA	VAL	GLY	GLY	GLY	SER	ASN	TYR	GLN	LEU	ILE	TRP	
0	3.84629	6.86128	10.4905	13.4874	17.2607	17.4136	16.5253	15.3845	13.3426	9.60088	8.38651	5.69356	
3.84629	0	3.82996	6.98116	10.2977	13.9556	13.8812	12.7484	11.5541	9.58733	5.83916	5.46251	4.24808	
6.86128	3.82996	0	3.81152	6.65335	10.4164	10.7235	10.1667	10.0116	8.43684	5.18085	5.30918	6.49471	
10.4905	6.98116	3.81152	0	3.78877	7.15591	6.99572	6.47916	6.89653	6.21893	4.53508	6.43941	9.04944	
13.4874	10.2977	6.65335	3.78877	0	3.80599	5.34555	5.90763	8.26011	7.94028	7.56179	8.67534	11.8147	
17.2607	13.9556	10.4164	7.15591	3.80599	0	3.84559	5.27123	8.83074	9.36597	10.3326	11.7135	15.1761	
17.4136	13.8812	10.7235	6.99572	5.34555	3.84559	0	3.8106	6.70021	8.73413	10.0013	12.4876	15.6974	
16.5253	12.7484	10.1667	6.47916	5.90763	5.27123	3.8106	0	3.80029	5.39606	7.70837	10.3292	13.7372	
15.3845	11.5541	10.0116	6.89653	8.26011	8.83074	6.70021	3.80029	0	3.83106	6.3249	9.74328	12.5694	
13.3426	9.58733	8.43684	6.21893	7.94028	9.36597	8.73413	5.39606	3.83106	0	3.75221	6.44607	9.50706	
9.60088	5.83916	5.18085	4.53508	7.56179	10.3326	10.0013	7.70837	6.3249	3.75221	0	3.76973	6.28756	
8.38651	5.46251	5.30918	6.43941	8.67534	11.7135	12.4876	10.3292	9.74328	6.44607	3.76973	0	3.79866	
5.69356	4.24808	6.49471	9.04944	11.8147	15.1761	15.6974	13.7372	12.5694	9.50706	6.28756	3.79866	0	

