4jry	
CYS	ALA	SER	SER	ARG	THR	GLY	SER	THR	TYR	GLU	GLN	TYR	PHE	
0	3.81188	6.83327	10.421	13.8906	15.7944	19.0211	18.4347	18.5282	15.5756	13.4926	9.77949	8.22393	5.46944	
3.81188	0	3.76672	6.98646	10.6755	12.765	15.7282	14.8448	14.7377	11.8134	9.70806	6.01104	5.08881	4.03514	
6.83327	3.76672	0	3.7372	7.10127	9.50707	12.6829	11.8163	12.3535	10.0216	8.2362	5.35285	5.4944	6.5522	
10.421	6.98646	3.7372	0	3.81462	6.32816	9.13381	8.08542	8.91182	6.96628	6.05152	4.8205	6.83501	9.32911	
13.8906	10.6755	7.10127	3.81462	0	3.92278	6.58267	5.60661	7.82479	7.49045	7.63146	8.04942	10.0731	12.8533	
15.7944	12.765	9.50707	6.32816	3.92278	0	3.81934	5.41614	8.64764	8.14657	9.88288	10.3572	13.0648	15.6011	
19.0211	15.7282	12.6829	9.13381	6.58267	3.81934	0	3.82743	7.27596	7.84065	10.6259	12.1755	15.2997	18.2464	
18.4347	14.8448	11.8163	8.08542	5.60661	5.41614	3.82743	0	3.91644	5.77208	7.9428	10.3397	13.232	16.609	
18.5282	14.7377	12.3535	8.91182	7.82479	8.64764	7.27596	3.91644	0	3.92751	5.83413	9.20247	12.0953	15.7307	
15.5756	11.8134	10.0216	6.96628	7.49045	8.14657	7.84065	5.77208	3.92751	0	3.87817	6.34718	9.84272	13.1415	
13.4926	9.70806	8.2362	6.05152	7.63146	9.88288	10.6259	7.9428	5.83413	3.87817	0	3.77172	6.48417	10.0899	
9.77949	6.01104	5.35285	4.8205	8.04942	10.3572	12.1755	10.3397	9.20247	6.34718	3.77172	0	3.75943	6.79615	
8.22393	5.08881	5.4944	6.83501	10.0731	13.0648	15.2997	13.232	12.0953	9.84272	6.48417	3.75943	0	3.78281	
5.46944	4.03514	6.5522	9.32911	12.8533	15.6011	18.2464	16.609	15.7307	13.1415	10.0899	6.79615	3.78281	0	

