4l3e	
CYS	ALA	VAL	ASN	PHE	GLY	GLY	GLY	LYS	LEU	ILE	PHE	
0	3.81461	6.7933	10.3843	12.9316	15.9842	17.3349	16.0026	13.8612	10.3618	8.43605	5.71224	
3.81461	0	3.77721	6.84795	9.68686	12.4559	13.5618	12.2186	10.2279	6.65598	5.4944	4.31026	
6.7933	3.77721	0	3.8125	6.43174	9.32013	11.1387	10.774	8.56066	5.84767	5.48052	6.58197	
10.3843	6.84795	3.8125	0	3.79859	5.72101	7.37175	7.56314	5.80784	4.35499	6.10273	8.81682	
12.9316	9.68686	6.43174	3.79859	0	3.79036	6.78142	7.9373	5.33087	6.20039	7.12129	10.5115	
15.9842	12.4559	9.32013	5.72101	3.79036	0	3.76257	6.50085	5.66278	7.73003	9.96086	13.5284	
17.3349	13.5618	11.1387	7.37175	6.78142	3.76257	0	3.77223	5.29607	7.73931	10.8981	14.433	
16.0026	12.2186	10.774	7.56314	7.9373	6.50085	3.77223	0	3.79095	5.7779	9.18674	12.46	
13.8612	10.2279	8.56066	5.80784	5.33087	5.66278	5.29607	3.79095	0	3.83258	6.16221	9.85062	
10.3618	6.65598	5.84767	4.35499	6.20039	7.73003	7.73931	5.7779	3.83258	0	3.82391	6.83883	
8.43605	5.4944	5.48052	6.10273	7.12129	9.96086	10.8981	9.18674	6.16221	3.82391	0	3.8339	
5.71224	4.31026	6.58197	8.81682	10.5115	13.5284	14.433	12.46	9.85062	6.83883	3.8339	0	

