4l3e	
CYS	ALA	SER	SER	TRP	SER	PHE	GLY	THR	GLU	ALA	PHE	PHE	
0	3.7797	6.96653	10.6088	14.0386	15.267	14.9087	15.9026	15.2591	13.2382	9.4206	8.46663	5.94721	
3.7797	0	3.78988	7.0908	10.7058	12.1033	11.9725	12.6659	11.6203	9.52255	5.72217	5.16876	4.12473	
6.96653	3.78988	0	3.81519	7.07699	8.73159	9.39564	10.6888	9.38206	8.09973	5.03371	5.28079	6.63212	
10.6088	7.0908	3.81519	0	3.84112	5.53544	6.81317	7.81489	5.98112	5.63921	4.46877	6.25379	9.08061	
14.0386	10.7058	7.07699	3.84112	0	3.77593	6.97896	8.49023	6.46403	7.55353	7.92483	9.31092	12.4873	
15.267	12.1033	8.73159	5.53544	3.77593	0	3.76491	6.16832	5.89288	8.51143	9.20542	11.6894	14.561	
14.9087	11.9725	9.39564	6.81317	6.97896	3.76491	0	3.80621	5.81401	8.65647	9.13544	12.4143	14.7754	
15.9026	12.6659	10.6888	7.81489	8.49023	6.16832	3.80621	0	3.77998	6.83713	8.46371	12.1423	14.6739	
15.2591	11.6203	9.38206	5.98112	6.46403	5.89288	5.81401	3.77998	0	3.80609	6.50468	9.69141	12.8247	
13.2382	9.52255	8.09973	5.63921	7.55353	8.51143	8.65647	6.83713	3.80609	0	3.82013	6.55524	9.71436	
9.4206	5.72217	5.03371	4.46877	7.92483	9.20542	9.13544	8.46371	6.50468	3.82013	0	3.83965	6.36557	
8.46663	5.16876	5.28079	6.25379	9.31092	11.6894	12.4143	12.1423	9.69141	6.55524	3.83965	0	3.76679	
5.94721	4.12473	6.63212	9.08061	12.4873	14.561	14.7754	14.6739	12.8247	9.71436	6.36557	3.76679	0	

