4l4t	
CYS	ALA	SER	SER	VAL	TRP	THR	GLY	GLU	GLY	SER	GLY	GLU	LEU	PHE	PHE	
0	3.83342	7.11587	10.786	14.1532	15.2501	15.2148	18.4166	19.4772	19.9169	19.4016	16.1495	13.6116	9.78462	8.54439	5.9633	
3.83342	0	3.78416	7.13895	10.7125	11.9376	12.1019	15.3061	15.96	16.3937	15.6776	12.346	9.89354	6.12074	5.36447	4.33434	
7.11587	3.78416	0	3.83309	7.04404	8.565	9.55513	13.0724	13.5054	14.5953	13.7871	10.0853	8.54151	5.56836	5.20297	6.62408	
10.786	7.13895	3.83309	0	3.85842	5.46537	7.04709	10.3507	10.1152	11.4406	10.4702	6.64298	6.20595	5.0515	6.22668	9.11255	
14.1532	10.7125	7.04404	3.85842	0	3.85472	7.25011	10.2875	9.54151	11.7469	10.6474	7.02974	8.24187	8.45081	9.2231	12.4675	
15.2501	11.9376	8.565	5.46537	3.85472	0	3.84187	6.82554	7.00056	9.93862	10.1351	7.13994	9.28898	9.80343	11.6491	14.5175	
15.2148	12.1019	9.55513	7.04709	7.25011	3.84187	0	3.7902	5.68579	8.31805	9.80531	7.59571	9.5889	10.0443	12.7585	15.0964	
18.4166	15.3061	13.0724	10.3507	10.2875	6.82554	3.7902	0	3.83573	6.42743	9.17074	8.51327	11.1423	12.4723	15.6627	18.0489	
19.4772	15.96	13.5054	10.1152	9.54151	7.00056	5.68579	3.83573	0	3.80398	5.8916	6.04574	9.42537	11.8197	14.993	17.9081	
19.9169	16.3937	14.5953	11.4406	11.7469	9.93862	8.31805	6.42743	3.80398	0	3.82871	5.93593	8.56742	11.4794	14.9958	17.7198	
19.4016	15.6776	13.7871	10.4702	10.6474	10.1351	9.80531	9.17074	5.8916	3.82871	0	3.8778	6.3669	10.0016	13.0883	16.1799	
16.1495	12.346	10.0853	6.64298	7.02974	7.13994	7.59571	8.51327	6.04574	5.93593	3.8778	0	3.82341	6.98334	9.82764	13.1202	
13.6116	9.89354	8.54151	6.20595	8.24187	9.28898	9.5889	11.1423	9.42537	8.56742	6.3669	3.82341	0	3.85196	6.80725	9.84245	
9.78462	6.12074	5.56836	5.0515	8.45081	9.80343	10.0443	12.4723	11.8197	11.4794	10.0016	6.98334	3.85196	0	3.82062	6.28131	
8.54439	5.36447	5.20297	6.22668	9.2231	11.6491	12.7585	15.6627	14.993	14.9958	13.0883	9.82764	6.80725	3.82062	0	3.81244	
5.9633	4.33434	6.62408	9.11255	12.4675	14.5175	15.0964	18.0489	17.9081	17.7198	16.1799	13.1202	9.84245	6.28131	3.81244	0	

