4l4t	
CYS	ALA	VAL	LYS	ASP	SER	ASN	TYR	GLN	LEU	ILE	TRP	
0	3.81503	7.02857	10.5785	13.2026	16.9291	17.7232	14.9008	13.5644	9.98174	8.57394	6.03252	
3.81503	0	3.82772	6.98279	9.79073	13.5165	14.0012	11.1398	9.7853	6.26411	5.5207	4.36534	
7.02857	3.82772	0	3.82853	6.2821	9.9145	10.9696	8.47925	7.84091	5.42928	5.24408	6.65186	
10.5785	6.98279	3.82853	0	3.80239	6.8787	7.43454	4.71822	5.13923	4.56488	6.40803	9.06196	
13.2026	9.79073	6.2821	3.80239	0	3.89427	5.44606	5.05944	5.38355	6.61656	7.41687	10.9124	
16.9291	13.5165	9.9145	6.8787	3.89427	0	3.83222	5.59986	7.42452	9.86145	11.1504	14.744	
17.7232	14.0012	10.9696	7.43454	5.44606	3.83222	0	3.88262	5.45949	8.90083	10.9981	14.6295	
14.9008	11.1398	8.47925	4.71822	5.05944	5.59986	3.88262	0	3.7947	6.29913	9.26032	12.3732	
13.5644	9.7853	7.84091	5.13923	5.38355	7.42452	5.45949	3.7947	0	3.78546	6.43983	9.72745	
9.98174	6.26411	5.42928	4.56488	6.61656	9.86145	8.90083	6.29913	3.78546	0	3.79512	6.26285	
8.57394	5.5207	5.24408	6.40803	7.41687	11.1504	10.9981	9.26032	6.43983	3.79512	0	3.86628	
6.03252	4.36534	6.65186	9.06196	10.9124	14.744	14.6295	12.3732	9.72745	6.26285	3.86628	0	

