4l4v	
CYS	ALA	VAL	LYS	ASP	SER	ASN	TYR	GLN	LEU	ILE	TRP	
0	3.84032	6.98622	10.4451	13.1732	16.9245	17.7714	15.1927	13.5818	9.91006	8.61062	6.17142	
3.84032	0	3.81828	6.86684	9.73189	13.4896	14.0244	11.4237	9.75749	6.13437	5.42835	4.36844	
6.98622	3.81828	0	3.78567	6.27367	9.95089	11.0935	8.85029	7.96914	5.39902	5.22628	6.70596	
10.4451	6.86684	3.78567	0	3.84957	7.01	7.70468	5.14418	5.30502	4.48636	6.34888	9.03472	
13.1732	9.73189	6.27367	3.84957	0	3.86663	5.4762	5.15995	5.53371	6.57841	7.38273	10.9159	
16.9245	13.4896	9.95089	7.01	3.86663	0	3.84003	5.54913	7.48621	9.80516	11.042	14.6951	
17.7714	14.0244	11.0935	7.70468	5.4762	3.84003	0	3.86784	5.5009	8.92369	10.8676	14.5588	
15.1927	11.4237	8.85029	5.14418	5.15995	5.54913	3.86784	0	3.82724	6.48362	9.39995	12.6002	
13.5818	9.75749	7.96914	5.30502	5.53371	7.48621	5.5009	3.82724	0	3.81721	6.45618	9.72081	
9.91006	6.13437	5.39902	4.48636	6.57841	9.80516	8.92369	6.48362	3.81721	0	3.7872	6.25993	
8.61062	5.42835	5.22628	6.34888	7.38273	11.042	10.8676	9.39995	6.45618	3.7872	0	3.86997	
6.17142	4.36844	6.70596	9.03472	10.9159	14.6951	14.5588	12.6002	9.72081	6.25993	3.86997	0	

