4lcc	
CYS	ALA	VAL	LYS	ASP	SER	ASN	TYR	GLN	LEU	ILE	TRP	
0	3.81085	7.01738	10.5613	13.2344	16.7462	17.6083	15.7176	14.1474	10.3847	8.69173	6.10437	
3.81085	0	3.8063	6.92999	9.69375	13.2903	13.8673	11.9434	10.3822	6.673	5.42822	4.18565	
7.01738	3.8063	0	3.8251	6.53836	9.83564	10.9411	9.47645	8.82428	5.93422	5.38072	6.63852	
10.5613	6.92999	3.8251	0	3.79276	6.8446	7.30992	5.71934	5.8479	4.46847	5.87974	8.64543	
13.2344	9.69375	6.53836	3.79276	0	3.79766	4.99629	5.63676	5.78964	6.21108	6.74051	10.3245	
16.7462	13.2903	9.83564	6.8446	3.79766	0	3.77512	6.32745	8.0105	9.59828	10.496	14.1191	
17.6083	13.8673	10.9411	7.30992	4.99629	3.77512	0	3.78048	5.68892	8.55985	10.4776	14.1766	
15.7176	11.9434	9.47645	5.71934	5.63676	6.32745	3.78048	0	3.8003	6.34745	9.36456	12.6085	
14.1474	10.3822	8.82428	5.8479	5.78964	8.0105	5.68892	3.8003	0	3.8205	6.68626	9.8949	
10.3847	6.673	5.93422	4.46847	6.21108	9.59828	8.55985	6.34745	3.8205	0	3.81332	6.40514	
8.69173	5.42822	5.38072	5.87974	6.74051	10.496	10.4776	9.36456	6.68626	3.81332	0	3.81945	
6.10437	4.18565	6.63852	8.64543	10.3245	14.1191	14.1766	12.6085	9.8949	6.40514	3.81945	0	

