4lcc	
CYS	ALA	SER	SER	VAL	TRP	THR	GLY	GLU	GLY	SER	GLY	GLU	LEU	PHE	PHE	
0	3.78504	7.07558	10.5147	13.8617	14.9996	14.7054	17.2862	19.217	18.97	18.7739	15.5453	13.3298	9.56372	8.33802	5.76387	
3.78504	0	3.79223	6.93889	10.4209	11.8074	11.8345	14.1647	15.8284	15.6432	15.2017	11.8604	9.73588	6.01551	5.09705	4.13988	
7.07558	3.79223	0	3.80186	6.80624	8.50997	9.39269	11.9742	13.2787	13.8593	13.4695	9.8073	8.67816	5.73732	5.32942	6.76705	
10.5147	6.93889	3.80186	0	3.82739	5.34672	6.62712	8.66503	9.60273	10.4309	10.0782	6.3817	6.42425	5.09361	6.48544	9.21662	
13.8617	10.4209	6.80624	3.82739	0	3.77155	6.99009	8.72751	8.6555	10.6682	10.2466	6.84377	8.35454	8.36374	9.33332	12.4874	
14.9996	11.8074	8.50997	5.34672	3.77155	0	3.74462	5.88826	6.34785	8.93664	9.88893	7.1794	9.59646	9.79818	11.7645	14.5264	
14.7054	11.8345	9.39269	6.62712	6.99009	3.74462	0	3.77129	5.9177	7.59837	9.711	7.6651	9.87082	9.87663	12.6253	14.8222	
17.2862	14.1647	11.9742	8.66503	8.72751	5.88826	3.77129	0	2.97994	4.12446	7.03837	6.47044	9.40344	10.6904	13.9616	16.4769	
19.217	15.8284	13.2787	9.60273	8.6555	6.34785	5.9177	2.97994	0	3.80336	5.9543	6.08612	9.68407	11.7476	14.7884	17.7645	
18.97	15.6432	13.8593	10.4309	10.6682	8.93664	7.59837	4.12446	3.80336	0	3.81392	5.50771	8.36347	10.844	14.3264	17.0369	
18.7739	15.2017	13.4695	10.0782	10.2466	9.88893	9.711	7.03837	5.9543	3.81392	0	3.76989	6.21199	9.59944	12.6891	15.7543	
15.5453	11.8604	9.8073	6.3817	6.84377	7.1794	7.6651	6.47044	6.08612	5.50771	3.76989	0	3.76281	6.57984	9.46318	12.7086	
13.3298	9.73588	8.67816	6.42425	8.35454	9.59646	9.87082	9.40344	9.68407	8.36347	6.21199	3.76281	0	3.76927	6.5959	9.63077	
9.56372	6.01551	5.73732	5.09361	8.36374	9.79818	9.87663	10.6904	11.7476	10.844	9.59944	6.57984	3.76927	0	3.78022	6.24433	
8.33802	5.09705	5.32942	6.48544	9.33332	11.7645	12.6253	13.9616	14.7884	14.3264	12.6891	9.46318	6.5959	3.78022	0	3.80188	
5.76387	4.13988	6.76705	9.21662	12.4874	14.5264	14.8222	16.4769	17.7645	17.0369	15.7543	12.7086	9.63077	6.24433	3.80188	0	

