4lcw	
CYS	ALA	SER	SER	VAL	TRP	THR	GLY	GLU	GLY	SER	GLY	GLU	LEU	PHE	PHE	
0	3.78729	7.06208	10.708	14.0898	15.1946	15.2538	18.6637	19.165	19.4796	19.2694	15.9515	13.4928	9.67432	8.49275	5.79021	
3.78729	0	3.81319	7.11452	10.6966	11.9448	12.2185	15.6585	15.7276	16.0137	15.5899	12.197	9.81682	6.03815	5.41058	4.21221	
7.06208	3.81319	0	3.86116	7.03645	8.65938	9.81759	13.5218	13.3341	14.2894	13.7576	10.0213	8.55134	5.51294	5.32592	6.56902	
10.708	7.11452	3.86116	0	3.84435	5.52057	7.22536	10.7257	9.87904	11.0378	10.3534	6.53276	6.19702	4.96624	6.43941	9.11683	
14.0898	10.6966	7.03645	3.84435	0	3.91009	7.3564	10.4868	9.18968	11.2675	10.4373	6.90996	8.20933	8.33734	9.42841	12.5094	
15.1946	11.9448	8.65938	5.52057	3.91009	0	3.86616	6.87774	6.50166	9.36635	9.89769	7.07005	9.3586	9.81066	11.9174	14.5523	
15.2538	12.2185	9.81759	7.22536	7.3564	3.86616	0	3.84676	5.20542	7.74736	9.63639	7.62733	9.81036	10.2532	13.1375	15.2034	
18.6637	15.6585	13.5218	10.7257	10.4868	6.87774	3.84676	0	3.82772	6.39122	9.44341	8.99114	11.8043	13.0732	16.3346	18.4533	
19.165	15.7276	13.3341	9.87904	9.18968	6.50166	5.20542	3.82772	0	3.78525	6.04101	6.16134	9.62351	11.85	15.1018	17.7888	
19.4796	16.0137	14.2894	11.0378	11.2675	9.36635	7.74736	6.39122	3.78525	0	3.83835	5.76304	8.5567	11.3615	14.9269	17.4644	
19.2694	15.5899	13.7576	10.3534	10.4373	9.89769	9.63639	9.44341	6.04101	3.83835	0	3.86909	6.48785	10.073	13.2361	16.211	
15.9515	12.197	10.0213	6.53276	6.90996	7.07005	7.62733	8.99114	6.16134	5.76304	3.86909	0	3.85232	6.92469	9.91057	13.0502	
13.4928	9.81682	8.55134	6.19702	8.20933	9.3586	9.81036	11.8043	9.62351	8.5567	6.48785	3.85232	0	3.84827	6.84155	9.79173	
9.67432	6.03815	5.51294	4.96624	8.33734	9.81066	10.2532	13.0732	11.85	11.3615	10.073	6.92469	3.84827	0	3.79439	6.19824	
8.49275	5.41058	5.32592	6.43941	9.42841	11.9174	13.1375	16.3346	15.1018	14.9269	13.2361	9.91057	6.84155	3.79439	0	3.7894	
5.79021	4.21221	6.56902	9.11683	12.5094	14.5523	15.2034	18.4533	17.7888	17.4644	16.211	13.0502	9.79173	6.19824	3.7894	0	

