4lcw	
CYS	ALA	VAL	LYS	ASP	SER	ASN	TYR	GLN	LEU	ILE	TRP	
0	3.87243	7.00575	10.5499	13.166	16.9412	17.6754	15.0537	13.3952	9.80383	8.48123	6.03665	
3.87243	0	3.83737	6.92155	9.72814	13.4992	13.909	11.2397	9.55433	6.02411	5.43571	4.41342	
7.00575	3.83737	0	3.89082	6.26088	9.95188	10.985	8.71877	7.74544	5.34933	5.22831	6.73209	
10.5499	6.92155	3.89082	0	3.85904	6.98186	7.48913	4.90171	5.02493	4.54743	6.51914	9.16864	
13.166	9.72814	6.26088	3.85904	0	3.89673	5.42439	5.18799	5.33415	6.58139	7.43749	10.9531	
16.9412	13.4992	9.95188	6.98186	3.89673	0	3.82723	5.67874	7.40841	9.87835	11.1517	14.7751	
17.6754	13.909	10.985	7.48913	5.42439	3.82723	0	3.87484	5.4576	8.93133	10.99	14.6075	
15.0537	11.2397	8.71877	4.90171	5.18799	5.67874	3.87484	0	3.80295	6.52637	9.5112	12.6002	
13.3952	9.55433	7.74544	5.02493	5.33415	7.40841	5.4576	3.80295	0	3.77477	6.49707	9.69981	
9.80383	6.02411	5.34933	4.54743	6.58139	9.87835	8.93133	6.52637	3.77477	0	3.79736	6.20648	
8.48123	5.43571	5.22831	6.51914	7.43749	11.1517	10.99	9.5112	6.49707	3.79736	0	3.85288	
6.03665	4.41342	6.73209	9.16864	10.9531	14.7751	14.6075	12.6002	9.69981	6.20648	3.85288	0	

