4may	
CYS	ALA	ALA	SER	SER	PHE	GLY	ASN	GLU	LYS	LEU	THR	PHE	
0	3.79878	7.1775	10.7841	14.2295	17.4605	19.23	16.6172	14.8085	13.2907	9.52068	8.53476	5.78963	
3.79878	0	3.80541	7.1676	10.7885	14.0987	15.5758	12.8417	11.1778	9.66656	5.96021	5.31497	4.15557	
7.1775	3.80541	0	3.81534	7.13292	10.6068	12.2141	9.88756	8.83462	8.26522	5.46652	5.50083	6.7213	
10.7841	7.1676	3.81534	0	3.80296	7.16039	8.45557	6.22158	5.47372	6.0098	5.12117	6.63109	9.30643	
14.2295	10.7885	7.13292	3.80296	0	3.81057	5.54896	5.05944	5.87358	8.04442	8.5636	10.0551	12.9839	
17.4605	14.0987	10.6068	7.16039	3.81057	0	3.80299	5.73836	6.54825	9.89124	11.3364	13.4535	16.4384	
19.23	15.5758	12.2141	8.45557	5.54896	3.80299	0	3.79728	6.33014	9.21463	11.6495	13.5862	17.0633	
16.6172	12.8417	9.88756	6.22158	5.05944	5.73836	3.79728	0	3.81531	5.63668	8.26251	10.1632	13.7641	
14.8085	11.1778	8.83462	5.47372	5.87358	6.54825	6.33014	3.81531	0	3.80899	6.33593	9.40079	12.4944	
13.2907	9.66656	8.26522	6.0098	8.04442	9.89124	9.21463	5.63668	3.80899	0	3.80475	6.63603	9.80674	
9.52068	5.96021	5.46652	5.12117	8.5636	11.3364	11.6495	8.26251	6.33593	3.80475	0	3.7525	6.27224	
8.53476	5.31497	5.50083	6.63109	10.0551	13.4535	13.5862	10.1632	9.40079	6.63603	3.7525	0	3.81193	
5.78963	4.15557	6.7213	9.30643	12.9839	16.4384	17.0633	13.7641	12.4944	9.80674	6.27224	3.81193	0	

