4may	
CYS	ALA	THR	SER	ALA	LEU	GLY	ASP	THR	GLN	TYR	PHE	
0	3.797	6.86842	10.4768	13.8822	15.3789	13.2195	14.3251	13.2704	9.58373	8.33829	5.66283	
3.797	0	3.81756	6.98313	10.5812	12.1091	9.98831	10.8052	9.50765	5.85524	5.10519	4.03071	
6.86842	3.81756	0	3.81017	7.01383	8.86351	7.6317	9.29858	8.18008	5.47532	5.44991	6.64669	
10.4768	6.98313	3.81017	0	3.81167	5.48603	4.90363	6.45869	5.50474	4.71639	6.34182	9.09545	
13.8822	10.5812	7.01383	3.81167	0	3.83266	6.04807	7.88601	7.2278	7.98264	9.27035	12.3893	
15.3789	12.1091	8.86351	5.48603	3.83266	0	3.82919	6.28902	7.56215	9.11508	11.5804	14.5224	
13.2195	9.98831	7.6317	4.90363	6.04807	3.82919	0	3.80293	6.11653	7.05679	10.2479	12.6953	
14.3251	10.8052	9.29858	6.45869	7.88601	6.28902	3.80293	0	3.80338	6.12808	9.83343	12.5699	
13.2704	9.50765	8.18008	5.50474	7.2278	7.56215	6.11653	3.80338	0	3.79111	6.91303	10.189	
9.58373	5.85524	5.47532	4.71639	7.98264	9.11508	7.05679	6.12808	3.79111	0	3.82617	6.55672	
8.33829	5.10519	5.44991	6.34182	9.27035	11.5804	10.2479	9.83343	6.91303	3.82617	0	3.81969	
5.66283	4.03071	6.64669	9.09545	12.3893	14.5224	12.6953	12.5699	10.189	6.55672	3.81969	0	

