4mji	
CYS	ALA	SER	SER	LEU	THR	GLY	GLY	GLY	GLU	LEU	PHE	PHE	
0	3.8502	7.16532	10.5622	13.8983	15.6349	14.1515	13.8496	15.1688	13.1551	9.39982	8.29004	5.55793	
3.8502	0	3.86585	6.92595	10.4191	12.312	10.9696	10.5313	11.5153	9.42308	5.75917	5.10919	4.04488	
7.16532	3.86585	0	3.7793	6.75789	9.01799	8.61528	9.17279	10.0703	8.23165	5.60086	5.14808	6.57699	
10.5622	6.92595	3.7793	0	3.81382	5.72976	5.58806	6.33571	6.9983	6.03949	5.21143	6.54318	9.20431	
13.8983	10.4191	6.75789	3.81382	0	3.87562	6.25538	8.15263	8.25395	7.86956	8.43993	9.25298	12.387	
15.6349	12.312	9.01799	5.72976	3.87562	0	3.79539	6.87089	8.0916	9.39552	10.3072	12.1294	14.9293	
14.1515	10.9696	8.61528	5.58806	6.25538	3.79539	0	3.79948	6.55112	8.53646	8.9745	11.6526	13.8834	
13.8496	10.5313	9.17279	6.33571	8.15263	6.87089	3.79948	0	3.78213	6.36046	7.18917	10.6715	12.778	
15.1688	11.5153	10.0703	6.9983	8.25395	8.0916	6.55112	3.78213	0	3.81052	6.51893	9.89483	12.6532	
13.1551	9.42308	8.23165	6.03949	7.86956	9.39552	8.53646	6.36046	3.81052	0	3.79387	6.54224	9.62614	
9.39982	5.75917	5.60086	5.21143	8.43993	10.3072	8.9745	7.18917	6.51893	3.79387	0	3.80879	6.13629	
8.29004	5.10919	5.14808	6.54318	9.25298	12.1294	11.6526	10.6715	9.89483	6.54224	3.80879	0	3.82158	
5.55793	4.04488	6.57699	9.20431	12.387	14.9293	13.8834	12.778	12.6532	9.62614	6.13629	3.82158	0	

