4mji	
CYS	ALA	THR	ASP	ASP	ASP	SER	ALA	ARG	GLN	LEU	THR	PHE	
0	3.75663	6.79894	10.3439	12.1955	15.6362	15.8025	16.7491	14.7994	13.2192	9.45421	8.08121	5.51335	
3.75663	0	3.83483	6.84471	9.02198	12.457	12.4109	13.104	11.0493	9.56569	5.82654	5.24332	4.34062	
6.79894	3.83483	0	3.85798	5.66997	8.88708	9.14007	10.3179	9.15829	8.38323	5.53511	5.19034	6.63112	
10.3439	6.84471	3.85798	0	3.70655	6.12088	5.60462	6.61533	5.58782	5.91796	4.74381	6.33255	9.13415	
12.1955	9.02198	5.66997	3.70655	0	3.76667	5.66848	5.97718	6.88575	6.54364	6.56127	6.62546	10.0536	
15.6362	12.457	8.88708	6.12088	3.76667	0	3.73291	4.63047	7.35691	8.47878	9.62861	10.3138	13.8061	
15.8025	12.4109	9.14007	5.60462	5.66848	3.73291	0	3.76031	5.54109	8.19849	9.38678	11.2975	14.5666	
16.7491	13.104	10.3179	6.61533	5.97718	4.63047	3.76031	0	3.82653	6.00115	8.58885	10.6624	14.2908	
14.7994	11.0493	9.15829	5.58782	6.88575	7.35691	5.54109	3.82653	0	3.82831	6.12891	9.25952	12.4467	
13.2192	9.56569	8.38323	5.91796	6.54364	8.47878	8.19849	6.00115	3.82831	0	3.80851	6.42634	9.69897	
9.45421	5.82654	5.53511	4.74381	6.56127	9.62861	9.38678	8.58885	6.12891	3.80851	0	3.81508	6.3933	
8.08121	5.24332	5.19034	6.33255	6.62546	10.3138	11.2975	10.6624	9.25952	6.42634	3.81508	0	3.82576	
5.51335	4.34062	6.63112	9.13415	10.0536	13.8061	14.5666	14.2908	12.4467	9.69897	6.3933	3.82576	0	

