4nqc	
CYS	ALA	SER	SER	VAL	TRP	THR	GLY	GLU	GLY	SER	GLY	GLU	LEU	PHE	PHE	
0	3.79754	7.10542	10.7414	14.107	15.1453	15.1235	18.5631	19.2595	19.5707	19.0539	15.9026	13.3836	9.64852	8.50722	5.85468	
3.79754	0	3.80015	7.13476	10.6927	11.9219	12.1176	15.6326	15.8809	16.1487	15.3953	12.1495	9.71107	6.01064	5.29737	4.17973	
7.10542	3.80015	0	3.82059	7.00815	8.51015	9.51655	13.255	13.3585	14.2614	13.4531	9.86383	8.38689	5.44089	5.27076	6.64397	
10.7414	7.13476	3.82059	0	3.86009	5.45845	6.97949	10.5539	9.99733	11.0732	10.1147	6.42664	6.10738	4.93351	6.32326	9.14205	
14.107	10.6927	7.00815	3.86009	0	3.8443	7.17655	10.3072	9.41075	11.3637	10.3129	6.8645	8.22364	8.37045	9.3308	12.5267	
15.1453	11.9219	8.51015	5.45845	3.8443	0	3.80826	6.75268	6.8114	9.60564	9.91356	7.22684	9.39601	9.74165	11.7491	14.5215	
15.1235	12.1176	9.51655	6.97949	7.17655	3.80826	0	3.80775	5.27773	7.86035	9.46136	7.63514	9.60144	9.9105	12.7803	15.0233	
18.5631	15.6326	13.255	10.5539	10.3072	6.75268	3.80775	0	3.85349	6.77775	9.62657	9.27143	11.8572	12.9044	16.1203	18.3971	
19.2595	15.8809	13.3585	9.99733	9.41075	6.8114	5.27773	3.85349	0	3.8075	6.15229	6.54419	9.77853	11.845	15.0892	17.8887	
19.5707	16.1487	14.2614	11.0732	11.3637	9.60564	7.86035	6.77775	3.8075	0	3.85083	6.0213	8.62168	11.2877	14.8192	17.488	
19.0539	15.3953	13.4531	10.1147	10.3129	9.91356	9.46136	9.62657	6.15229	3.85083	0	3.79025	6.33985	9.78501	12.8647	15.9369	
15.9026	12.1495	9.86383	6.42664	6.8645	7.22684	7.63514	9.27143	6.54419	6.0213	3.79025	0	3.78634	6.78793	9.60925	12.8959	
13.3836	9.71107	8.38689	6.10738	8.22364	9.39601	9.60144	11.8572	9.77853	8.62168	6.33985	3.78634	0	3.74334	6.62324	9.64984	
9.64852	6.01064	5.44089	4.93351	8.37045	9.74165	9.9105	12.9044	11.845	11.2877	9.78501	6.78793	3.74334	0	3.82443	6.25326	
8.50722	5.29737	5.27076	6.32326	9.3308	11.7491	12.7803	16.1203	15.0892	14.8192	12.8647	9.60925	6.62324	3.82443	0	3.83483	
5.85468	4.17973	6.64397	9.14205	12.5267	14.5215	15.0233	18.3971	17.8887	17.488	15.9369	12.8959	9.64984	6.25326	3.83483	0	

