4nqe	
CYS	ALA	VAL	LYS	ASP	SER	ASN	TYR	GLN	LEU	ILE	TRP	
0	3.85184	7.08814	10.5979	13.1578	16.9457	17.8159	15.1645	13.5858	9.97816	8.6348	6.10845	
3.85184	0	3.85444	6.96935	9.69163	13.462	14.0437	11.3629	9.76563	6.21575	5.50219	4.39376	
7.08814	3.85444	0	3.83521	6.17975	9.88021	11.0554	8.7249	7.88183	5.42529	5.27522	6.70405	
10.5979	6.96935	3.83521	0	3.82955	6.91608	7.62149	4.97699	5.24386	4.55468	6.45422	9.11144	
13.1578	9.69163	6.17975	3.82955	0	3.88992	5.58872	5.20119	5.44657	6.56031	7.33184	10.8193	
16.9457	13.462	9.88021	6.91608	3.88992	0	3.80057	5.50679	7.30799	9.72176	10.9736	14.5995	
17.8159	14.0437	11.0554	7.62149	5.58872	3.80057	0	3.86509	5.4408	8.88685	10.8857	14.562	
15.1645	11.3629	8.7249	4.97699	5.20119	5.50679	3.86509	0	3.84294	6.41224	9.35062	12.5409	
13.5858	9.76563	7.88183	5.24386	5.44657	7.30799	5.4408	3.84294	0	3.78092	6.37478	9.6923	
9.97816	6.21575	5.42529	4.55468	6.56031	9.72176	8.88685	6.41224	3.78092	0	3.79438	6.29491	
8.6348	5.50219	5.27522	6.45422	7.33184	10.9736	10.8857	9.35062	6.37478	3.79438	0	3.85226	
6.10845	4.39376	6.70405	9.11144	10.8193	14.5995	14.562	12.5409	9.6923	6.29491	3.85226	0	

