4nqe	
CYS	ALA	SER	SER	VAL	TRP	THR	GLY	GLU	GLY	SER	GLY	GLU	LEU	PHE	PHE	
0	3.83381	7.12631	10.8056	14.1607	15.294	15.2033	18.4437	19.302	19.6428	19.1744	16.0062	13.4651	9.69465	8.46159	5.87209	
3.83381	0	3.81804	7.16416	10.7186	12.0134	12.1282	15.424	15.8459	16.1605	15.4719	12.2136	9.74499	6.01396	5.2682	4.23361	
7.12631	3.81804	0	3.86945	7.03839	8.62705	9.60089	13.2224	13.455	14.4231	13.6589	10.0142	8.45274	5.49231	5.19943	6.62632	
10.8056	7.16416	3.86945	0	3.83501	5.52785	7.06379	10.5299	10.0792	11.248	10.32	6.5465	6.1059	4.96662	6.2877	9.14906	
14.1607	10.7186	7.03839	3.83501	0	3.88566	7.27532	10.4689	9.59708	11.6114	10.5754	7.00938	8.17678	8.36625	9.27956	12.4978	
15.294	12.0134	8.62705	5.52785	3.88566	0	3.90877	6.97142	7.01097	9.85539	10.1373	7.2244	9.3764	9.83912	11.7859	14.6051	
15.2033	12.1282	9.60089	7.06379	7.27532	3.90877	0	3.81063	5.42832	8.06994	9.64772	7.54492	9.59628	10.0148	12.8243	15.1025	
18.4437	15.424	13.2224	10.5299	10.4689	6.97142	3.81063	0	3.84099	6.5878	9.4336	8.85066	11.5137	12.7068	15.9458	18.2228	
19.302	15.8459	13.455	10.0792	9.59708	7.01097	5.42832	3.84099	0	3.76739	6.05085	6.22643	9.57931	11.8108	15.0817	17.879	
19.6428	16.1605	14.4231	11.248	11.6114	9.85539	8.06994	6.5878	3.76739	0	3.81623	5.87541	8.57323	11.3535	14.9235	17.5565	
19.1744	15.4719	13.6589	10.32	10.5754	10.1373	9.64772	9.4336	6.05085	3.81623	0	3.82898	6.34876	9.88205	13.0442	16.0531	
16.0062	12.2136	10.0142	6.5465	7.00938	7.2244	7.54492	8.85066	6.22643	5.87541	3.82898	0	3.80636	6.8889	9.82762	13.0504	
13.4651	9.74499	8.45274	6.1059	8.17678	9.3764	9.59628	11.5137	9.57931	8.57323	6.34876	3.80636	0	3.78855	6.76104	9.75626	
9.69465	6.01396	5.49231	4.96662	8.36625	9.83912	10.0148	12.7068	11.8108	11.3535	9.88205	6.8889	3.78855	0	3.82084	6.26853	
8.46159	5.2682	5.19943	6.2877	9.27956	11.7859	12.8243	15.9458	15.0817	14.9235	13.0442	9.82762	6.76104	3.82084	0	3.7891	
5.87209	4.23361	6.62632	9.14906	12.4978	14.6051	15.1025	18.2228	17.879	17.5565	16.0531	13.0504	9.75626	6.26853	3.7891	0	

