4ozf	
CYS	ALA	SER	SER	PHE	ARG	ALA	LEU	ALA	ALA	ASP	THR	GLN	TYR	PHE	
0	3.81339	7.14707	10.7507	14.0968	14.7833	14.2276	16.6844	18.0222	16.7795	15.0395	13.1179	9.34971	8.40728	5.64372	
3.81339	0	3.79717	7.108	10.673	11.5989	11.3733	13.8209	14.6513	13.364	11.3211	9.39663	5.70447	5.27536	4.17785	
7.14707	3.79717	0	3.81171	6.98231	8.30654	9.03491	12.0218	12.3087	11.7468	9.07345	7.86976	5.16993	5.45565	6.69511	
10.7507	7.108	3.81171	0	3.8774	5.46125	6.94216	9.65869	9.05363	8.81275	5.68531	5.51404	4.81189	6.60036	9.29435	
14.0968	10.673	6.98231	3.8774	0	3.80961	7.19403	10.0794	8.68146	9.79451	6.56291	7.79456	8.45356	9.90403	12.8336	
14.7833	11.5989	8.30654	5.46125	3.80961	0	3.85343	6.94453	6.40355	8.54851	6.69438	9.1721	9.62776	12.0431	14.53	
14.2276	11.3733	9.03491	6.94216	7.19403	3.85343	0	3.88441	5.51372	7.37706	7.17882	9.77287	9.66236	12.7658	14.6732	
16.6844	13.8209	12.0218	9.65869	10.0794	6.94453	3.88441	0	3.84124	5.6101	7.46698	10.5432	11.1303	14.7285	16.7147	
18.0222	14.6513	12.3087	9.05363	8.68146	6.40355	5.51372	3.84124	0	3.85575	5.23259	8.94161	10.7792	14.2183	16.9333	
16.7795	13.364	11.7468	8.81275	9.79451	8.54851	7.37706	5.6101	3.85575	0	3.87135	6.64455	8.70201	12.3039	14.9519	
15.0395	11.3211	9.07345	5.68531	6.56291	6.69438	7.17882	7.46698	5.23259	3.87135	0	3.80116	6.41349	9.52258	12.6852	
13.1179	9.39663	7.86976	5.51404	7.79456	9.1721	9.77287	10.5432	8.94161	6.64455	3.80116	0	3.8049	6.31435	9.66905	
9.34971	5.70447	5.16993	4.81189	8.45356	9.62776	9.66236	11.1303	10.7792	8.70201	6.41349	3.8049	0	3.79389	6.33885	
8.40728	5.27536	5.45565	6.60036	9.90403	12.0431	12.7658	14.7285	14.2183	12.3039	9.52258	6.31435	3.79389	0	3.81044	
5.64372	4.17785	6.69511	9.29435	12.8336	14.53	14.6732	16.7147	16.9333	14.9519	12.6852	9.66905	6.33885	3.81044	0	

