4ozf	
CYS	ILE	ALA	PHE	GLN	GLY	ALA	GLN	LYS	LEU	VAL	PHE	
0	3.85314	7.11883	9.60771	13.3976	16.4999	17.9583	14.9539	14.214	11.0314	9.94152	7.70809	
3.85314	0	3.84984	6.06231	9.85498	12.9576	14.1642	11.1506	10.7552	8.02515	7.34207	6.58414	
7.11883	3.84984	0	3.85034	7.00609	10.6156	11.8209	9.44684	10.4112	8.91294	8.941	9.53055	
9.60771	6.06231	3.85034	0	3.84247	7.01909	8.73172	6.73813	7.8891	7.07676	8.70386	10.4109	
13.3976	9.85498	7.00609	3.84247	0	3.83795	5.88097	5.68465	8.30616	9.1274	11.3116	13.7218	
16.4999	12.9576	10.6156	7.01909	3.83795	0	3.83756	5.56035	8.04918	9.91411	12.8494	15.7687	
17.9583	14.1642	11.8209	8.73172	5.88097	3.83756	0	3.87372	7.1049	10.1091	12.4734	15.8858	
14.9539	11.1506	9.44684	6.73813	5.68465	5.56035	3.87372	0	3.84605	6.66179	8.63256	12.106	
14.214	10.7552	10.4112	7.8891	8.30616	8.04918	7.1049	3.84605	0	3.8004	6.27595	9.9037	
11.0314	8.02515	8.91294	7.07676	9.1274	9.91411	10.1091	6.66179	3.8004	0	3.85199	6.74797	
9.94152	7.34207	8.941	8.70386	11.3116	12.8494	12.4734	8.63256	6.27595	3.85199	0	3.79658	
7.70809	6.58414	9.53055	10.4109	13.7218	15.7687	15.8858	12.106	9.9037	6.74797	3.79658	0	

