4ozg	
CYS	ILE	VAL	LEU	GLY	GLY	ALA	ASP	GLY	LEU	THR	PHE	
0	3.86033	7.11063	10.2226	13.1411	16.6118	17.8232	15.4213	13.5166	10.7025	9.71366	7.86013	
3.86033	0	3.84833	6.58947	9.47038	12.8316	14.0174	11.6239	9.99215	7.72519	7.30171	7.01218	
7.11063	3.84833	0	3.87559	6.38447	10.0461	12.0644	10.0433	9.6367	8.82376	9.04604	10.0108	
10.2226	6.58947	3.87559	0	2.99494	6.50916	8.56076	7.39685	7.37965	7.87331	9.49673	11.5288	
13.1411	9.47038	6.38447	2.99494	0	3.79331	6.69627	6.3629	7.73112	9.47601	11.2982	13.8616	
16.6118	12.8316	10.0461	6.50916	3.79331	0	3.81331	5.34392	7.82613	10.7726	13.0041	16.1209	
17.8232	14.0174	12.0644	8.56076	6.69627	3.81331	0	3.88124	6.07109	9.67583	12.2569	15.7148	
15.4213	11.6239	10.0433	7.39685	6.3629	5.34392	3.88124	0	3.81787	7.22191	8.967	12.5475	
13.5166	9.99215	9.6367	7.37965	7.73112	7.82613	6.07109	3.81787	0	3.76598	6.47865	9.91914	
10.7025	7.72519	8.82376	7.87331	9.47601	10.7726	9.67583	7.22191	3.76598	0	3.75216	6.54078	
9.71366	7.30171	9.04604	9.49673	11.2982	13.0041	12.2569	8.967	6.47865	3.75216	0	3.7211	
7.86013	7.01218	10.0108	11.5288	13.8616	16.1209	15.7148	12.5475	9.91914	6.54078	3.7211	0	

