4ozh	
CYS	ILE	VAL	TRP	GLY	GLY	ALA	THR	ASN	LYS	LEU	ILE	PHE	
0	3.84758	7.19094	10.0306	13.5175	17.0084	18.1206	14.6931	15.947	14.3451	10.8945	9.96026	7.89097	
3.84758	0	3.84609	6.45942	9.96624	13.3027	14.295	10.895	12.4435	11.1974	8.2105	7.68777	7.17617	
7.19094	3.84609	0	3.84274	6.5895	10.0391	11.7196	8.94871	11.4813	11.3093	9.42576	9.38411	10.125	
10.0306	6.45942	3.84274	0	3.8066	7.19553	8.65781	6.0946	8.54432	9.43591	8.53101	9.89219	11.6736	
13.5175	9.96624	6.5895	3.8066	0	3.78648	6.5097	5.78378	9.0513	11.0674	11.3143	12.6825	14.952	
17.0084	13.3027	10.0391	7.19553	3.78648	0	3.82474	5.54201	8.74731	11.5369	12.9353	14.4394	17.3064	
18.1206	14.295	11.7196	8.65781	6.5097	3.82474	0	3.87676	6.08417	9.2066	11.5906	13.3952	16.7813	
14.6931	10.895	8.94871	6.0946	5.78378	5.54201	3.87676	0	3.8264	6.00768	7.81336	9.65594	12.9738	
15.947	12.4435	11.4813	8.54432	9.0513	8.74731	6.08417	3.8264	0	3.84821	6.77901	9.62276	13.0906	
14.3451	11.1974	11.3093	9.43591	11.0674	11.5369	9.2066	6.00768	3.84821	0	3.82517	6.39954	9.94523	
10.8945	8.2105	9.42576	8.53101	11.3143	12.9353	11.5906	7.81336	6.77901	3.82517	0	3.84285	6.62192	
9.96026	7.68777	9.38411	9.89219	12.6825	14.4394	13.3952	9.65594	9.62276	6.39954	3.84285	0	3.84001	
7.89097	7.17617	10.125	11.6736	14.952	17.3064	16.7813	12.9738	13.0906	9.94523	6.62192	3.84001	0	

