4ozh	
CYS	ALA	SER	SER	VAL	ARG	SER	THR	ASP	THR	GLN	TYR	PHE	
0	3.84109	7.11032	10.8154	14.1811	14.72	14.6215	15.5947	14.8218	13.2686	9.45838	8.40831	5.67391	
3.84109	0	3.83591	7.21304	10.8263	11.5248	11.5605	12.2559	11.0864	9.48145	5.72379	5.24759	4.20507	
7.11032	3.83591	0	3.84496	7.10073	8.23493	9.25399	10.5712	8.85819	7.97535	5.1663	5.39492	6.68353	
10.8154	7.21304	3.84496	0	3.87327	5.31128	6.94594	8.0278	5.60386	5.63779	4.88273	6.57623	9.36737	
14.1811	10.8263	7.10073	3.87327	0	3.88305	7.30809	9.0692	6.57494	7.8923	8.50494	9.91264	12.9101	
14.72	11.5248	8.23493	5.31128	3.88305	0	3.88568	6.70853	5.99322	8.79143	9.35543	11.829	14.431	
14.6215	11.5605	9.25399	6.94594	7.30809	3.88568	0	3.89909	5.57195	8.80145	9.2148	12.5086	14.7189	
15.5947	12.2559	10.5712	8.0278	9.0692	6.70853	3.89909	0	3.89601	7.05728	8.43502	12.1788	14.6447	
14.8218	11.0864	8.85819	5.60386	6.57494	5.99322	5.57195	3.89601	0	3.88708	6.31851	9.61708	12.7628	
13.2686	9.48145	7.97535	5.63779	7.8923	8.79143	8.80145	7.05728	3.88708	0	3.83792	6.57425	9.96181	
9.45838	5.72379	5.1663	4.88273	8.50494	9.35543	9.2148	8.43502	6.31851	3.83792	0	3.84062	6.51517	
8.40831	5.24759	5.39492	6.57623	9.91264	11.829	12.5086	12.1788	9.61708	6.57425	3.84062	0	3.84267	
5.67391	4.20507	6.68353	9.36737	12.9101	14.431	14.7189	14.6447	12.7628	9.96181	6.51517	3.84267	0	

