4ozi	
CYS	SER	ALA	GLY	VAL	GLY	GLY	GLN	GLU	THR	GLN	TYR	PHE	
0	3.84026	7.0038	10.2948	14.0299	13.6783	13.2335	11.4259	13.857	13.1511	9.33556	8.51889	5.6421	
3.84026	0	3.82687	6.74831	10.4689	10.3592	10.1636	8.6047	10.576	9.40517	5.56056	5.22874	3.95668	
7.0038	3.82687	0	3.82684	7.19923	7.55008	8.64161	8.6012	10.3041	8.08803	4.92226	5.7336	6.64713	
10.2948	6.74831	3.82684	0	3.83492	3.96367	5.59276	6.70997	7.80824	5.23934	3.94305	6.77494	9.12644	
14.0299	10.4689	7.19923	3.83492	0	3.1802	6.53862	8.9687	8.94798	5.80082	6.75735	9.36088	12.3844	
13.6783	10.3592	7.55008	3.96367	3.1802	0	3.80965	7.01369	7.8914	6.02284	6.97152	10.3904	12.9215	
13.2335	10.1636	8.64161	5.59276	6.53862	3.80965	0	3.84186	5.54838	5.79247	6.79217	10.6495	12.7196	
11.4259	8.6047	8.6012	6.70997	8.9687	7.01369	3.84186	0	3.86556	5.73272	5.66898	9.15731	10.6204	
13.857	10.576	10.3041	7.80824	8.94798	7.8914	5.54838	3.86556	0	3.86408	5.90524	9.04532	11.4541	
13.1511	9.40517	8.08803	5.23934	5.80082	6.02284	5.79247	5.73272	3.86408	0	3.88913	6.93846	10.1942	
9.33556	5.56056	4.92226	3.94305	6.75735	6.97152	6.79217	5.66898	5.90524	3.88913	0	3.87075	6.55928	
8.51889	5.22874	5.7336	6.77494	9.36088	10.3904	10.6495	9.15731	9.04532	6.93846	3.87075	0	3.84106	
5.6421	3.95668	6.64713	9.12644	12.3844	12.9215	12.7196	10.6204	11.4541	10.1942	6.55928	3.84106	0	

