4p4k	
CYS	ALA	SER	SER	LEU	ALA	GLN	GLY	GLY	GLU	THR	GLN	TYR	PHE	
0	3.76168	6.83547	10.3547	13.7852	15.6589	15.8873	16.0609	12.3987	13.4567	12.8904	9.24057	8.17102	5.64581	
3.76168	0	3.78879	6.8496	10.4372	12.1381	12.812	12.9867	9.21938	10.0956	9.2036	5.58611	5.03302	4.16119	
6.83547	3.78879	0	3.81734	6.95743	9.20651	9.90004	10.9916	7.58236	9.38395	8.19732	5.44744	5.17048	6.61397	
10.3547	6.8496	3.81734	0	3.84572	5.44969	6.84445	8.06767	5.12811	6.94131	5.6339	4.78745	6.19654	9.06984	
13.7852	10.4372	6.95743	3.84572	0	3.85214	5.98553	8.5546	7.18971	9.06295	7.46987	7.99733	8.87074	12.1954	
15.6589	12.1381	9.20651	5.44969	3.85214	0	3.7863	5.50202	5.51964	7.01624	6.59204	8.61016	10.8306	14.1525	
15.8873	12.812	9.90004	6.84445	5.98553	3.7863	0	3.82164	5.18493	8.15856	9.16822	10.5309	12.9392	15.7123	
16.0609	12.9867	10.9916	8.06767	8.5546	5.50202	3.82164	0	3.82524	5.89907	8.34841	10.1646	13.3922	15.8712	
12.3987	9.21938	7.58236	5.12811	7.18971	5.51964	5.18493	3.82524	0	3.8652	5.86911	6.64202	9.8694	12.0962	
13.4567	10.0956	9.38395	6.94131	9.06295	7.01624	8.15856	5.89907	3.8652	0	3.80083	5.85145	9.62294	11.909	
12.8904	9.2036	8.19732	5.6339	7.46987	6.59204	9.16822	8.34841	5.86911	3.80083	0	3.77145	6.93779	9.95711	
9.24057	5.58611	5.44744	4.78745	7.99733	8.61016	10.5309	10.1646	6.64202	5.85145	3.77145	0	3.81033	6.32307	
8.17102	5.03302	5.17048	6.19654	8.87074	10.8306	12.9392	13.3922	9.8694	9.62294	6.93779	3.81033	0	3.81461	
5.64581	4.16119	6.61397	9.06984	12.1954	14.1525	15.7123	15.8712	12.0962	11.909	9.95711	6.32307	3.81461	0	

