4p5t	
CYS	ALA	ALA	SER	ARG	ASP	SER	GLY	GLN	LYS	LEU	VAL	PHE	
0	3.80415	7.07699	10.5733	14.1493	15.6778	14.4712	11.8497	14.0502	13.1903	9.59361	8.59664	5.97309	
3.80415	0	3.79548	6.97383	10.6673	12.0652	11.2912	8.60269	10.5082	9.45885	5.96121	5.56172	4.44515	
7.07699	3.79548	0	3.799	7.13429	9.21399	8.93699	7.2647	9.2198	7.98182	5.44768	5.3801	6.65624	
10.5733	6.97383	3.799	0	3.80327	5.43869	5.91412	5.03698	6.4494	5.61763	5.08794	6.7414	9.27242	
14.1493	10.6673	7.13429	3.80327	0	3.79687	5.80016	7.06706	7.71387	7.09028	8.16692	9.61288	12.6703	
15.6778	12.0652	9.21399	5.43869	3.79687	0	3.8154	5.5221	5.25615	6.24956	8.53713	11.1827	14.113	
14.4712	11.2912	8.93699	5.91412	5.80016	3.8154	0	3.80095	5.87216	8.16094	9.33266	12.2028	14.3265	
11.8497	8.60269	7.2647	5.03698	7.06706	5.5221	3.80095	0	3.79564	6.12929	6.46292	9.74063	11.3802	
14.0502	10.5082	9.2198	6.4494	7.71387	5.25615	5.87216	3.79564	0	3.80448	6.05743	9.71244	11.9648	
13.1903	9.45885	7.98182	5.61763	7.09028	6.24956	8.16094	6.12929	3.80448	0	3.75817	6.80187	9.74499	
9.59361	5.96121	5.44768	5.08794	8.16692	8.53713	9.33266	6.46292	6.05743	3.75817	0	3.76182	6.09921	
8.59664	5.56172	5.3801	6.7414	9.61288	11.1827	12.2028	9.74063	9.71244	6.80187	3.76182	0	3.78947	
5.97309	4.44515	6.65624	9.27242	12.6703	14.113	14.3265	11.3802	11.9648	9.74499	6.09921	3.78947	0	

