4p5t	
CYS	ALA	SER	GLY	ASP	PHE	TRP	GLY	ASP	THR	LEU	TYR	PHE	
0	3.80535	7.16164	10.5536	14.1388	16.7747	17.5979	15.8906	16.5596	13.4129	9.62172	8.30033	5.5917	
3.80535	0	3.79016	6.8966	10.5866	13.3882	14.1289	12.1671	12.9374	9.84863	6.08859	5.12338	4.08881	
7.16164	3.79016	0	3.79135	7.10391	10.1789	11.5811	9.65536	11.3382	8.80094	5.75129	5.25662	6.65799	
10.5536	6.8966	3.79135	0	3.79389	6.79885	7.93543	5.93883	8.17108	6.58085	5.01792	6.40297	9.10564	
14.1388	10.5866	7.10391	3.79389	0	3.81696	6.13584	4.81054	8.28354	8.2156	8.19124	9.61522	12.708	
16.7747	13.3882	10.1789	6.79885	3.81696	0	3.81565	5.21999	8.94404	10.2343	10.7662	12.9487	15.8604	
17.5979	14.1289	11.5811	7.93543	6.13584	3.81565	0	3.80986	6.52943	8.86459	10.256	13.2594	16.1524	
15.8906	12.1671	9.65536	5.93883	4.81054	5.21999	3.80986	0	3.80301	5.52888	7.45819	10.1799	13.4541	
16.5596	12.9374	11.3382	8.17108	8.28354	8.94404	6.52943	3.80301	0	3.79609	7.12414	10.1586	13.2633	
13.4129	9.84863	8.80094	6.58085	8.2156	10.2343	8.86459	5.52888	3.79609	0	3.79466	6.53609	9.59467	
9.62172	6.08859	5.75129	5.01792	8.19124	10.7662	10.256	7.45819	7.12414	3.79466	0	3.78948	6.27225	
8.30033	5.12338	5.25662	6.40297	9.61522	12.9487	13.2594	10.1799	10.1586	6.53609	3.78948	0	3.80861	
5.5917	4.08881	6.65799	9.10564	12.708	15.8604	16.1524	13.4541	13.2633	9.59467	6.27225	3.80861	0	

