4pj5	
CYS	ALA	SER	SER	VAL	TRP	THR	GLY	GLU	GLY	SER	GLY	GLU	LEU	PHE	PHE	
0	3.79602	7.06305	10.7315	14.1118	15.6506	15.1771	15.0445	18.7843	19.614	19.1811	16.117	13.5171	9.69774	8.53191	5.91265	
3.79602	0	3.79226	7.13883	10.7007	12.3709	12.2175	12.0441	15.6271	16.0907	15.5233	12.3516	9.83776	6.05445	5.34115	4.23681	
7.06305	3.79226	0	3.8345	7.05248	8.90521	9.42854	10.1564	13.3548	13.7364	13.5878	10.1045	8.56501	5.53651	5.29336	6.62001	
10.7315	7.13883	3.8345	0	3.85337	5.69004	6.99072	7.9117	10.4334	10.2937	10.2426	6.66301	6.26912	5.02224	6.28531	9.10191	
14.1118	10.7007	7.05248	3.85337	0	3.8534	7.09219	9.2146	10.4748	9.9248	10.358	6.93656	8.21191	8.335	9.12686	12.3509	
15.6506	12.3709	8.90521	5.69004	3.8534	0	3.8375	6.72811	7.32685	7.73883	9.54818	7.19419	9.47178	10.028	11.8658	14.7823	
15.1771	12.2175	9.42854	6.99072	7.09219	3.8375	0	3.81394	5.19802	7.378	9.87612	8.37363	10.2377	10.4276	12.9698	15.2618	
15.0445	12.0441	10.1564	7.9117	9.2146	6.72811	3.81394	0	3.85887	6.11264	8.14071	7.53482	8.88985	9.42735	12.7443	14.7742	
18.7843	15.6271	13.3548	10.4334	10.4748	7.32685	5.19802	3.85887	0	3.83474	7.26144	8.05219	10.6694	12.2707	15.5873	18.0706	
19.614	16.0907	13.7364	10.2937	9.9248	7.73883	7.378	6.11264	3.83474	0	3.83232	5.6018	8.86722	11.5162	14.757	17.7127	
19.1811	15.5233	13.5878	10.2426	10.358	9.54818	9.87612	8.14071	7.26144	3.83232	0	3.87085	6.58291	10.0252	13.1836	16.2439	
16.117	12.3516	10.1045	6.66301	6.93656	7.19419	8.37363	7.53482	8.05219	5.6018	3.87085	0	3.83352	6.95999	9.72912	13.0489	
13.5171	9.83776	8.56501	6.26912	8.21191	9.47178	10.2377	8.88985	10.6694	8.86722	6.58291	3.83352	0	3.83502	6.7557	9.78099	
9.69774	6.05445	5.53651	5.02224	8.335	10.028	10.4276	9.42735	12.2707	11.5162	10.0252	6.95999	3.83502	0	3.8142	6.26698	
8.53191	5.34115	5.29336	6.28531	9.12686	11.8658	12.9698	12.7443	15.5873	14.757	13.1836	9.72912	6.7557	3.8142	0	3.80026	
5.91265	4.23681	6.62001	9.10191	12.3509	14.7823	15.2618	14.7742	18.0706	17.7127	16.2439	13.0489	9.78099	6.26698	3.80026	0	

