4pj5	
CYS	ALA	VAL	LYS	ASP	SER	ASN	TYR	GLN	LEU	ILE	TRP	
0	3.79802	6.97224	10.4387	13.0928	16.8946	17.7786	15.2056	13.5471	9.88597	8.64442	6.11258	
3.79802	0	3.80476	6.88963	9.64733	13.4607	14.0544	11.4919	9.75978	6.15853	5.49638	4.34235	
6.97224	3.80476	0	3.81061	6.21831	9.93708	11.1261	8.86827	7.93907	5.39046	5.26798	6.62698	
10.4387	6.88963	3.81061	0	3.82929	6.99571	7.70773	5.11831	5.22088	4.5109	6.43977	9.04	
13.0928	9.64733	6.21831	3.82929	0	3.92354	5.55672	5.16362	5.42091	6.43159	7.25337	10.7342	
16.8946	13.4607	9.93708	6.99571	3.92354	0	3.83075	5.44962	7.37343	9.72385	10.9724	14.5829	
17.7786	14.0544	11.1261	7.70773	5.55672	3.83075	0	3.8361	5.46798	8.92039	10.9396	14.5981	
15.2056	11.4919	8.86827	5.11831	5.16362	5.44962	3.8361	0	3.8926	6.64432	9.59477	12.7529	
13.5471	9.75978	7.93907	5.22088	5.42091	7.37343	5.46798	3.8926	0	3.8129	6.59737	9.82708	
9.88597	6.15853	5.39046	4.5109	6.43159	9.72385	8.92039	6.64432	3.8129	0	3.82286	6.2894	
8.64442	5.49638	5.26798	6.43977	7.25337	10.9724	10.9396	9.59477	6.59737	3.82286	0	3.85021	
6.11258	4.34235	6.62698	9.04	10.7342	14.5829	14.5981	12.7529	9.82708	6.2894	3.85021	0	

