4pj7	
CYS	ALA	SER	SER	GLY	GLY	THR	ASN	ASN	GLU	GLN	PHE	PHE	
0	3.80695	7.13313	10.7564	14.1484	15.3631	16.0129	17.0468	15.5045	13.3404	9.56889	8.41276	5.81928	
3.80695	0	3.84565	7.14781	10.7057	11.9931	12.8219	13.5709	11.7558	9.64025	5.9044	5.29265	4.28563	
7.13313	3.84565	0	3.8372	7.01706	8.66362	10.2974	11.486	9.47045	8.3047	5.3548	5.33721	6.75747	
10.7564	7.14781	3.8372	0	3.82435	5.27196	7.3285	8.2173	5.99203	5.99354	4.91031	6.55981	9.32861	
14.1484	10.7057	7.01706	3.82435	0	3.82093	7.4183	8.59555	6.40263	7.89771	8.19814	9.39851	12.5947	
15.3631	11.9931	8.66362	5.27196	3.82093	0	3.84915	6.00147	5.72318	8.52281	9.34919	11.6872	14.5473	
16.0129	12.8219	10.2974	7.3285	7.4183	3.84915	0	3.89471	6.08333	9.05503	10.093	13.2502	15.6463	
17.0468	13.5709	11.486	8.2173	8.59555	6.00147	3.89471	0	3.91396	7.05417	9.32985	12.8692	15.5075	
15.5045	11.7558	9.47045	5.99203	6.40263	5.72318	6.08333	3.91396	0	3.84829	6.69984	9.8007	12.94	
13.3404	9.64025	8.3047	5.99354	7.89771	8.52281	9.05503	7.05417	3.84829	0	3.79868	6.81499	9.82101	
9.56889	5.9044	5.3548	4.91031	8.19814	9.34919	10.093	9.32985	6.69984	3.79868	0	3.83818	6.30738	
8.41276	5.29265	5.33721	6.55981	9.39851	11.6872	13.2502	12.8692	9.8007	6.81499	3.83818	0	3.79513	
5.81928	4.28563	6.75747	9.32861	12.5947	14.5473	15.6463	15.5075	12.94	9.82101	6.30738	3.79513	0	

