4pj7	
CYS	ALA	VAL	MET	ASP	SER	ASN	TYR	GLN	LEU	ILE	TRP	
0	3.85787	6.91817	10.3632	13.0506	16.7946	17.6442	15.3666	13.5517	9.95919	8.45484	6.01584	
3.85787	0	3.84183	6.78128	9.67247	13.409	13.9286	11.5564	9.73638	6.15061	5.27439	4.25597	
6.91817	3.84183	0	3.78688	6.22841	9.89443	11.0709	9.14301	8.06348	5.50626	5.16485	6.63461	
10.3632	6.78128	3.78688	0	3.81503	6.98135	7.74756	5.45666	5.38988	4.30614	6.11879	8.87149	
13.0506	9.67247	6.22841	3.81503	0	3.84678	5.43033	5.35103	5.57592	6.58773	7.35216	10.8339	
16.7946	13.409	9.89443	6.98135	3.84678	0	3.86174	5.63835	7.494	9.71802	10.9772	14.5879	
17.6442	13.9286	11.0709	7.74756	5.43033	3.86174	0	3.87274	5.44122	8.80031	10.6162	14.3482	
15.3666	11.5564	9.14301	5.45666	5.35103	5.63835	3.87274	0	3.78245	6.29527	9.22888	12.5517	
13.5517	9.73638	8.06348	5.38988	5.57592	7.494	5.44122	3.78245	0	3.8027	6.19803	9.59663	
9.95919	6.15061	5.50626	4.30614	6.58773	9.71802	8.80031	6.29527	3.8027	0	3.84682	6.42829	
8.45484	5.27439	5.16485	6.11879	7.35216	10.9772	10.6162	9.22888	6.19803	3.84682	0	3.81227	
6.01584	4.25597	6.63461	8.87149	10.8339	14.5879	14.3482	12.5517	9.59663	6.42829	3.81227	0	

