4pj8	
CYS	ALA	PHE	MET	ASP	SER	ASN	TYR	GLN	LEU	ILE	TRP	
0	3.83491	7.07206	10.6685	13.0257	16.8711	17.9391	15.4705	13.5646	9.87272	8.44416	6.00494	
3.83491	0	3.73929	7.01815	9.44933	13.3105	14.1406	11.6736	9.77522	6.17028	5.19404	4.2582	
7.07206	3.73929	0	3.81299	6.2538	9.95523	11.3071	9.00101	8.04886	5.44333	5.36862	6.87117	
10.6685	7.01815	3.81299	0	3.79115	6.96586	7.84287	5.28412	5.39409	4.57926	6.349	9.13598	
13.0257	9.44933	6.2538	3.79115	0	3.90701	5.70946	5.3388	5.50628	6.51457	7.02582	10.6069	
16.8711	13.3105	9.95523	6.96586	3.90701	0	3.93679	5.69785	7.47436	9.79517	10.7014	14.4083	
17.9391	14.1406	11.3071	7.84287	5.70946	3.93679	0	3.91208	5.64514	9.10853	10.8209	14.5367	
15.4705	11.6736	9.00101	5.28412	5.3388	5.69785	3.91208	0	3.86343	6.56152	9.34807	12.6314	
13.5646	9.77522	8.04886	5.39409	5.50628	7.47436	5.64514	3.86343	0	3.85668	6.31937	9.5894	
9.87272	6.17028	5.44333	4.57926	6.51457	9.79517	9.10853	6.56152	3.85668	0	3.84256	6.25972	
8.44416	5.19404	5.36862	6.349	7.02582	10.7014	10.8209	9.34807	6.31937	3.84256	0	3.83912	
6.00494	4.2582	6.87117	9.13598	10.6069	14.4083	14.5367	12.6314	9.5894	6.25972	3.83912	0	

