4pj9	
CYS	ALA	VAL	ARG	ASP	GLY	ASP	TYR	LYS	LEU	SER	PHE	
0	3.8068	6.94211	10.4042	12.9111	16.6564	17.8382	15.4868	13.8622	10.3574	8.65228	5.94033	
3.8068	0	3.79538	6.85621	9.56981	13.3515	14.1934	11.7558	10.0856	6.59267	5.45705	4.19619	
6.94211	3.79538	0	3.84445	6.01465	9.72762	11.0825	9.02544	8.02572	5.58649	5.48785	6.63647	
10.4042	6.85621	3.84445	0	3.85764	7.02555	7.91243	5.32339	5.38867	4.28878	6.55303	9.06206	
12.9111	9.56981	6.01465	3.85764	0	3.8716	5.53119	5.09629	5.4181	6.49358	7.86762	11.0407	
16.6564	13.3515	9.72762	7.02555	3.8716	0	3.8393	5.36058	7.33581	9.65771	11.4919	14.8529	
17.8382	14.1934	11.0825	7.91243	5.53119	3.8393	0	3.87159	5.45368	8.89858	11.1517	14.8861	
15.4868	11.7558	9.02544	5.32339	5.09629	5.36058	3.87159	0	3.81268	6.31765	9.51652	12.9139	
13.8622	10.0856	8.02572	5.38867	5.4181	7.33581	5.45368	3.81268	0	3.84207	6.43572	10.1069	
10.3574	6.59267	5.58649	4.28878	6.49358	9.65771	8.89858	6.31765	3.84207	0	3.85513	6.81772	
8.65228	5.45705	5.48785	6.55303	7.86762	11.4919	11.1517	9.51652	6.43572	3.85513	0	3.86247	
5.94033	4.19619	6.63647	9.06206	11.0407	14.8529	14.8861	12.9139	10.1069	6.81772	3.86247	0	

