4pj9	
CYS	ALA	SER	SER	ALA	GLY	ALA	SER	THR	GLY	GLU	LEU	PHE	PHE	
0	3.84518	7.16211	10.761	14.1648	14.8724	14.6142	17.8676	17.501	15.5868	13.3653	9.59047	8.54277	5.91773	
3.84518	0	3.77771	7.07586	10.6562	11.5843	11.6142	14.579	13.8435	11.7617	9.64097	5.93149	5.32464	4.26213	
7.16211	3.77771	0	3.81321	7.01115	8.28206	9.23455	12.1033	10.9964	9.22566	8.21151	5.39249	5.30839	6.67531	
10.761	7.07586	3.81321	0	3.84297	5.32572	6.92477	8.99543	7.30149	5.61823	5.77047	4.8555	6.31109	9.10567	
14.1648	10.6562	7.01115	3.84297	0	3.85534	7.28907	8.4426	6.07307	5.58371	7.78257	8.30529	9.39431	12.5536	
14.8724	11.5843	8.28206	5.32572	3.85534	0	3.88412	5.41102	4.82983	6.4417	8.90641	9.48501	11.614	14.292	
14.6142	11.6142	9.23455	6.92477	7.28907	3.88412	0	3.81165	5.73284	7.66045	9.26549	9.61182	12.5635	14.6401	
17.8676	14.579	12.1033	8.99543	8.4426	5.41102	3.81165	0	3.82736	7.04085	9.51227	11.2112	14.4198	16.9835	
17.501	13.8435	10.9964	7.30149	6.07307	4.82983	5.73284	3.82736	0	3.83432	7.24408	9.65574	12.4184	15.557	
15.5868	11.7617	9.22566	5.61823	5.58371	6.4417	7.66045	7.04085	3.83432	0	3.8174	6.74484	9.21847	12.6078	
13.3653	9.64097	8.21151	5.77047	7.78257	8.90641	9.26549	9.51227	7.24408	3.8174	0	3.801	6.60453	9.66746	
9.59047	5.93149	5.39249	4.8555	8.30529	9.48501	9.61182	11.2112	9.65574	6.74484	3.801	0	3.79373	6.18492	
8.54277	5.32464	5.30839	6.31109	9.39431	11.614	12.5635	14.4198	12.4184	9.21847	6.60453	3.79373	0	3.79624	
5.91773	4.26213	6.67531	9.10567	12.5536	14.292	14.6401	16.9835	15.557	12.6078	9.66746	6.18492	3.79624	0	

