4pjb	
CYS	ALA	SER	ILE	ASP	SER	ASN	TYR	GLN	LEU	ILE	TRP	
0	3.81084	6.98579	10.559	13.4045	17.1366	18.0215	15.5904	13.6281	10.012	8.78396	6.25318	
3.81084	0	3.82711	7.01046	9.92855	13.6731	14.282	11.8543	9.82617	6.27465	5.52283	4.31744	
6.98579	3.82711	0	3.88913	6.51255	10.1604	11.3837	9.28983	8.05449	5.60672	5.43063	6.6931	
10.559	7.01046	3.88913	0	3.83348	6.94697	7.87053	5.4896	5.26517	4.61872	6.41046	9.03477	
13.4045	9.92855	6.51255	3.83348	0	3.92487	5.46442	5.23035	5.47051	6.7508	7.54302	10.9869	
17.1366	13.6731	10.1604	6.94697	3.92487	0	3.81837	5.31896	7.46274	9.94228	11.2723	14.8233	
18.0215	14.282	11.3837	7.87053	5.46442	3.81837	0	3.84203	5.61119	9.11341	10.9355	14.6255	
15.5904	11.8543	9.28983	5.4896	5.23035	5.31896	3.84203	0	3.81478	6.70341	9.56695	12.8025	
13.6281	9.82617	8.05449	5.26517	5.47051	7.46274	5.61119	3.81478	0	3.80782	6.3924	9.6944	
10.012	6.27465	5.60672	4.61872	6.7508	9.94228	9.11341	6.70341	3.80782	0	3.83421	6.2851	
8.78396	5.52283	5.43063	6.41046	7.54302	11.2723	10.9355	9.56695	6.3924	3.83421	0	3.82506	
6.25318	4.31744	6.6931	9.03477	10.9869	14.8233	14.6255	12.8025	9.6944	6.2851	3.82506	0	

