4pjb	
CYS	ALA	SER	SER	GLU	THR	ASP	PRO	ASN	THR	GLY	GLU	LEU	PHE	PHE	
0	3.77835	7.09225	10.745	14.2181	15.2557	15.1867	16.7592	15.1782	17.8506	16.293	13.6927	10.0264	8.31842	5.72833	
3.77835	0	3.84134	7.15305	10.8156	11.9825	12.1531	13.5954	11.6391	14.1977	12.5434	10.0996	6.42568	5.27963	4.2976	
7.09225	3.84134	0	3.84035	7.13268	8.66207	9.70134	11.5811	9.62581	12.3684	10.543	8.76503	5.83896	5.24477	6.70965	
10.745	7.15305	3.84035	0	3.86639	5.57967	7.30333	8.91792	6.56301	9.09897	7.32471	6.67409	5.14831	6.3823	9.24206	
14.2181	10.8156	7.13268	3.86639	0	3.82178	7.26005	9.08474	7.31059	9.36608	7.74503	8.44077	8.4339	9.54739	12.7532	
15.2557	11.9825	8.66207	5.57967	3.82178	0	3.82258	5.9972	5.80708	8.68346	8.72402	10.3596	9.93248	11.9273	14.7115	
15.1867	12.1531	9.70134	7.30333	7.26005	3.82258	0	3.08225	4.9222	8.47029	9.81533	11.562	10.4984	13.1259	15.3211	
16.7592	13.5954	11.5811	8.91792	9.08474	5.9972	3.08225	0	3.8117	6.65748	9.09753	11.4157	10.8493	14.0893	16.3357	
15.1782	11.6391	9.62581	6.56301	7.31059	5.80708	4.9222	3.8117	0	3.85717	5.45106	7.63379	7.54884	10.9923	13.6147	
17.8506	14.1977	12.3684	9.09897	9.36608	8.68346	8.47029	6.65748	3.85717	0	3.8501	7.15934	8.73157	12.2954	15.2187	
16.293	12.5434	10.543	7.32471	7.74503	8.72402	9.81533	9.09753	5.45106	3.8501	0	3.82375	6.51747	9.49218	12.8443	
13.6927	10.0996	8.76503	6.67409	8.44077	10.3596	11.562	11.4157	7.63379	7.15934	3.82375	0	3.84502	6.15126	9.47332	
10.0264	6.42568	5.83896	5.14831	8.4339	9.93248	10.4984	10.8493	7.54884	8.73157	6.51747	3.84502	0	3.84181	6.50359	
8.31842	5.27963	5.24477	6.3823	9.54739	11.9273	13.1259	14.0893	10.9923	12.2954	9.49218	6.15126	3.84181	0	3.80245	
5.72833	4.2976	6.70965	9.24206	12.7532	14.7115	15.3211	16.3357	13.6147	15.2187	12.8443	9.47332	6.50359	3.80245	0	

