4pjc	
CYS	ALA	SER	SER	ALA	ALA	VAL	GLU	GLY	GLY	ASN	THR	ILE	TYR	PHE	
0	3.81403	7.13834	10.8696	14.2373	15.4282	15.586	18.8391	19.5261	19.7048	16.0467	13.873	10.1473	8.43359	5.81157	
3.81403	0	3.82131	7.25847	10.8396	12.049	12.2828	15.3211	15.8369	15.8946	12.237	10.139	6.44812	5.30851	4.28434	
7.13834	3.82131	0	3.86533	7.12568	8.79517	9.93407	12.8942	13.7024	13.3845	9.55023	8.35588	5.51181	5.23139	6.66794	
10.8696	7.25847	3.86533	0	3.81099	5.4718	7.13328	9.53988	10.3091	9.78182	5.95759	5.96086	4.83094	6.45354	9.32047	
14.2373	10.8396	7.12568	3.81099	0	3.83304	7.23384	8.87016	10.0937	9.00923	5.78021	7.70019	8.17045	9.71117	12.8503	
15.4282	12.049	8.79517	5.4718	3.83304	0	3.85166	5.77255	8.15953	8.4754	6.03921	8.7328	9.15658	11.7578	14.617	
15.586	12.2828	9.93407	7.13328	7.23384	3.85166	0	3.8091	6.68159	8.64876	6.90253	9.06192	9.13128	12.4707	14.9183	
18.8391	15.3211	12.8942	9.53988	8.87016	5.77255	3.8091	0	3.80299	6.39065	6.53555	9.46325	10.875	14.4396	17.3154	
19.5261	15.8369	13.7024	10.3091	10.0937	8.15953	6.68159	3.80299	0	3.77639	5.48459	7.86775	10.2387	13.8194	16.9078	
19.7048	15.8946	13.3845	9.78182	9.00923	8.4754	8.64876	6.39065	3.77639	0	3.86161	6.55635	9.90693	12.8705	16.402	
16.0467	12.237	9.55023	5.95759	5.78021	6.03921	6.90253	6.53555	5.48459	3.86161	0	3.84103	6.62514	9.47417	13.027	
13.873	10.139	8.35588	5.96086	7.70019	8.7328	9.06192	9.46325	7.86775	6.55635	3.84103	0	3.83802	6.43855	9.93064	
10.1473	6.44812	5.51181	4.83094	8.17045	9.15658	9.13128	10.875	10.2387	9.90693	6.62514	3.83802	0	3.83339	6.68685	
8.43359	5.30851	5.23139	6.45354	9.71117	11.7578	12.4707	14.4396	13.8194	12.8705	9.47417	6.43855	3.83339	0	3.81593	
5.81157	4.28434	6.66794	9.32047	12.8503	14.617	14.9183	17.3154	16.9078	16.402	13.027	9.93064	6.68685	3.81593	0	

