4pjd	
CYS	ALA	SER	SER	PRO	PRO	GLY	GLY	THR	ASP	THR	GLN	TYR	PHE	
0	3.82988	7.14307	10.783	14.2541	15.7167	18.3248	16.9429	17.0235	15.3194	13.3832	9.60805	8.40321	5.77251	
3.82988	0	3.81821	7.12805	10.7812	12.4727	14.8219	13.6134	13.4527	11.5235	9.65791	5.94391	5.33395	4.41665	
7.14307	3.81821	0	3.81853	7.18047	9.2976	11.9384	11.5389	11.7306	9.23641	8.22867	5.40358	5.33314	6.7873	
10.783	7.12805	3.81853	0	3.83927	6.4411	8.52749	8.72298	8.72267	5.80278	5.87212	4.92572	6.41303	9.32063	
14.2541	10.7812	7.18047	3.83927	0	3.90392	6.10263	7.86421	8.65463	5.89014	7.84999	8.37714	9.95125	13.0735	
15.7167	12.4727	9.2976	6.4411	3.90392	0	3.83921	5.47761	7.92166	6.92097	9.89173	10.4314	12.7962	15.5155	
18.3248	14.8219	11.9384	8.52749	6.10263	3.83921	0	3.76246	5.71894	5.88782	9.64919	11.3852	14.2974	17.3468	
16.9429	13.6134	11.5389	8.72298	7.86421	5.47761	3.76246	0	3.86343	5.87159	9.08299	10.3093	13.7697	16.317	
17.0235	13.4527	11.7306	8.72267	8.65463	7.92166	5.71894	3.86343	0	3.83489	6.54198	8.76964	12.3742	15.1802	
15.3194	11.5235	9.23641	5.80278	5.89014	6.92097	5.88782	5.87159	3.83489	0	3.84398	6.49738	9.53936	12.8577	
13.3832	9.65791	8.22867	5.87212	7.84999	9.89173	9.64919	9.08299	6.54198	3.84398	0	3.79394	6.53814	9.85458	
9.60805	5.94391	5.40358	4.92572	8.37714	10.4314	11.3852	10.3093	8.76964	6.49738	3.79394	0	3.81268	6.47187	
8.40321	5.33395	5.33314	6.41303	9.95125	12.7962	14.2974	13.7697	12.3742	9.53936	6.53814	3.81268	0	3.85656	
5.77251	4.41665	6.7873	9.32063	13.0735	15.5155	17.3468	16.317	15.1802	12.8577	9.85458	6.47187	3.85656	0	

