4pjd	
CYS	ALA	VAL	VAL	ASP	SER	ASN	TYR	GLN	LEU	ILE	TRP	
0	3.84099	7.07705	10.606	13.1945	17.0003	17.8353	15.5094	13.589	10.0079	8.69145	6.05277	
3.84099	0	3.89689	7.0173	9.78417	13.5837	14.1159	11.7119	9.79111	6.23925	5.54472	4.19666	
7.07705	3.89689	0	3.84288	6.21224	9.9542	11.0984	9.02237	7.90011	5.46479	5.34113	6.58324	
10.606	7.0173	3.84288	0	3.83636	7.04874	7.82777	5.33274	5.3812	4.57813	6.48593	8.97951	
13.1945	9.78417	6.21224	3.83636	0	3.86052	5.49528	5.12368	5.51963	6.72188	7.48227	10.8486	
17.0003	13.5837	9.9542	7.04874	3.86052	0	3.861	5.44093	7.45826	9.89288	11.0371	14.5829	
17.8353	14.1159	11.0984	7.82777	5.49528	3.861	0	3.79887	5.48069	8.96606	10.6517	14.3347	
15.5094	11.7119	9.02237	5.33274	5.12368	5.44093	3.79887	0	3.85934	6.53064	9.30751	12.514	
13.589	9.79111	7.90011	5.3812	5.51963	7.45826	5.48069	3.85934	0	3.8212	6.14032	9.46449	
10.0079	6.23925	5.46479	4.57813	6.72188	9.89288	8.96606	6.53064	3.8212	0	3.83678	6.1844	
8.69145	5.54472	5.34113	6.48593	7.48227	11.0371	10.6517	9.30751	6.14032	3.83678	0	3.83146	
6.05277	4.19666	6.58324	8.97951	10.8486	14.5829	14.3347	12.514	9.46449	6.1844	3.83146	0	

