4pje	
CYS	ALA	SER	THR	LEU	GLY	GLN	GLU	GLY	GLN	PRO	GLN	HIS	PHE	
0	3.83013	7.13578	10.7311	14.0966	15.4581	15.491	17.8694	16.4316	15.5645	13.4614	9.69221	8.44757	5.84807	
3.83013	0	3.79754	7.08913	10.6166	12.1118	12.4071	14.5153	12.9148	11.7762	9.74116	6.03196	5.23665	4.22894	
7.13578	3.79754	0	3.80007	6.96235	8.73327	9.80119	12.1592	11.1086	9.40043	8.34631	5.4932	5.25138	6.67465	
10.7311	7.08913	3.80007	0	3.80588	5.47804	7.09702	8.9391	8.03101	5.90645	6.0478	4.96869	6.37512	9.19208	
14.0966	10.6166	6.96235	3.80588	0	3.82103	7.21762	8.82312	8.88988	6.12741	7.82033	8.22914	9.22753	12.4448	
15.4581	12.1118	8.73327	5.47804	3.82103	0	3.82149	5.8463	7.34392	6.16825	9.06712	9.68155	11.7478	14.6428	
15.491	12.4071	9.80119	7.09702	7.21762	3.82149	0	3.79262	6.11784	7.06333	9.83335	10.1392	12.9908	15.3496	
17.8694	14.5153	12.1592	8.9391	8.82312	5.8463	3.79262	0	3.78228	5.94972	9.24955	10.768	14.0851	16.7605	
16.4316	12.9148	11.1086	8.03101	8.88988	7.34392	6.11784	3.78228	0	3.79798	6.14581	8.14063	11.7092	14.3945	
15.5645	11.7762	9.40043	5.90645	6.12741	6.16825	7.06333	5.94972	3.79798	0	3.91103	6.61426	9.45618	12.7651	
13.4614	9.74116	8.34631	6.0478	7.82033	9.06712	9.83335	9.24955	6.14581	3.91103	0	3.7867	6.4882	9.67234	
9.69221	6.03196	5.4932	4.96869	8.22914	9.68155	10.1392	10.768	8.14063	6.61426	3.7867	0	3.80515	6.32321	
8.44757	5.23665	5.25138	6.37512	9.22753	11.7478	12.9908	14.0851	11.7092	9.45618	6.4882	3.80515	0	3.7965	
5.84807	4.22894	6.67465	9.19208	12.4448	14.6428	15.3496	16.7605	14.3945	12.7651	9.67234	6.32321	3.7965	0	

