4pje	
CYS	ALA	GLY	MET	ASP	SER	ASN	TYR	GLN	LEU	ILE	TRP	
0	3.85176	6.91173	10.3407	13.3037	17.0114	17.8674	15.4161	13.6355	9.9917	8.64329	6.2927	
3.85176	0	3.78378	6.75663	9.82901	13.5399	14.0975	11.6376	9.79529	6.20905	5.45976	4.38778	
6.91173	3.78378	0	3.79324	6.45849	10.1087	11.3118	9.27136	8.13383	5.56148	5.20601	6.64923	
10.3407	6.75663	3.79324	0	3.83271	7.03192	7.85648	5.54809	5.35	4.51547	6.24438	8.84601	
13.3037	9.82901	6.45849	3.83271	0	3.85298	5.47691	5.31489	5.49564	6.55041	7.45961	10.9572	
17.0114	13.5399	10.1087	7.03192	3.85298	0	3.8372	5.51976	7.4117	9.75268	11.1285	14.7129	
17.8674	14.0975	11.3118	7.85648	5.47691	3.8372	0	3.84086	5.46534	8.89974	10.9734	14.528	
15.4161	11.6376	9.27136	5.54809	5.31489	5.51976	3.84086	0	3.83809	6.66596	9.67556	12.6862	
13.6355	9.79529	8.13383	5.35	5.49564	7.4117	5.46534	3.83809	0	3.79415	6.61575	9.66957	
9.9917	6.20905	5.56148	4.51547	6.55041	9.75268	8.89974	6.66596	3.79415	0	3.78049	6.10829	
8.64329	5.45976	5.20601	6.24438	7.45961	11.1285	10.9734	9.67556	6.61575	3.78049	0	3.826	
6.2927	4.38778	6.64923	8.84601	10.9572	14.7129	14.528	12.6862	9.66957	6.10829	3.826	0	

