4pjf	
CYS	ALA	ALA	GLU	ASP	SER	ASN	TYR	GLN	LEU	ILE	TRP	
0	3.86533	6.94317	10.4065	13.2858	17.1077	17.8763	15.2201	13.5359	9.86261	8.4892	6.0271	
3.86533	0	3.77972	6.76886	9.78923	13.6035	14.0849	11.4014	9.70252	6.09535	5.45253	4.42462	
6.94317	3.77972	0	3.84535	6.42863	10.1858	11.3178	9.02828	8.02677	5.4347	5.27803	6.68808	
10.4065	6.76886	3.84535	0	3.8433	7.16291	7.82708	5.25474	5.26269	4.46773	6.45914	9.03466	
13.2858	9.78923	6.42863	3.8433	0	3.89867	5.52719	5.10774	5.35638	6.45856	7.5864	11.0411	
17.1077	13.6035	10.1858	7.16291	3.89867	0	3.84108	5.58677	7.36092	9.76662	11.2545	14.8382	
17.8763	14.0849	11.3178	7.82708	5.52719	3.84108	0	3.82855	5.46595	8.93628	11.1876	14.7492	
15.2201	11.4014	9.02828	5.25474	5.10774	5.58677	3.82855	0	3.82432	6.56546	9.67201	12.7243	
13.5359	9.70252	8.02677	5.26269	5.35638	7.36092	5.46595	3.82432	0	3.80273	6.65908	9.81476	
9.86261	6.09535	5.4347	4.46773	6.45856	9.76662	8.93628	6.56546	3.80273	0	3.80335	6.26022	
8.4892	5.45253	5.27803	6.45914	7.5864	11.2545	11.1876	9.67201	6.65908	3.80335	0	3.81168	
6.0271	4.42462	6.68808	9.03466	11.0411	14.8382	14.7492	12.7243	9.81476	6.26022	3.81168	0	

