4pjg	
CYS	ALA	SER	SER	GLU	THR	ASP	PRO	ASN	THR	GLY	GLU	LEU	PHE	PHE	
0	3.78961	7.14825	10.7255	14.0863	15.152	15.2828	16.7768	15.1321	17.7863	16.3362	13.6596	10.0182	8.42257	5.82938	
3.78961	0	3.78872	7.09087	10.6275	11.8825	12.3038	13.706	11.6601	14.2014	12.606	10.0439	6.42565	5.27457	4.26404	
7.14825	3.78872	0	3.79205	6.94874	8.53941	9.78948	11.6258	9.5222	12.2896	10.5804	8.62193	5.72746	5.19612	6.6569	
10.7255	7.09087	3.79205	0	3.83343	5.48223	7.28751	8.89097	6.3924	9.0253	7.43005	6.56441	5.03303	6.35134	9.16889	
14.0863	10.6275	6.94874	3.83343	0	3.85442	7.34527	9.25949	7.27487	9.48637	7.99079	8.3301	8.30161	9.36169	12.5484	
15.152	11.8825	8.53941	5.48223	3.85442	0	3.85165	6.17105	5.73117	8.74496	8.89303	10.2331	9.81743	11.8041	14.5674	
15.2828	12.3038	9.78948	7.28751	7.34527	3.85165	0	3.11896	4.80238	8.35632	9.85	11.4505	10.4819	13.16	15.3571	
16.7768	13.706	11.6258	8.89097	9.25949	6.17105	3.11896	0	3.78479	6.53323	9.09136	11.2974	10.8037	14.0828	16.3039	
15.1321	11.6601	9.5222	6.3924	7.27487	5.73117	4.80238	3.78479	0	3.86851	5.47553	7.52791	7.4978	10.9222	13.5313	
17.7863	14.2014	12.2896	9.0253	9.48637	8.74496	8.35632	6.53323	3.86851	0	3.81253	7.10251	8.68314	12.2282	15.1074	
16.3362	12.606	10.5804	7.43005	7.99079	8.89303	9.85	9.09136	5.47553	3.81253	0	3.77618	6.51933	9.47936	12.7803	
13.6596	10.0439	8.62193	6.56441	8.3301	10.2331	11.4505	11.2974	7.52791	7.10251	3.77618	0	3.80231	6.07537	9.37589	
10.0182	6.42565	5.72746	5.03303	8.30161	9.81743	10.4819	10.8037	7.4978	8.68314	6.51933	3.80231	0	3.82471	6.44313	
8.42257	5.27457	5.19612	6.35134	9.36169	11.8041	13.16	14.0828	10.9222	12.2282	9.47936	6.07537	3.82471	0	3.79723	
5.82938	4.26404	6.6569	9.16889	12.5484	14.5674	15.3571	16.3039	13.5313	15.1074	12.7803	9.37589	6.44313	3.79723	0	

