4pjg	
CYS	ALA	SER	ILE	ASP	SER	ASN	TYR	GLN	LEU	ILE	TRP	
0	3.82692	6.93637	10.5842	13.2834	17.017	17.9822	15.5585	13.832	10.2363	8.63985	6.16263	
3.82692	0	3.78929	7.04947	9.90153	13.6549	14.2871	11.8058	10.0255	6.45652	5.43054	4.32098	
6.93637	3.78929	0	3.83379	6.49541	10.128	11.3207	9.10885	8.11593	5.55252	5.30682	6.66413	
10.5842	7.04947	3.83379	0	3.84324	7.00371	7.82303	5.36335	5.37657	4.54338	6.32576	9.08154	
13.2834	9.90153	6.49541	3.84324	0	3.86005	5.46514	5.1935	5.4282	6.57898	7.42373	10.9149	
17.017	13.6549	10.128	7.00371	3.86005	0	3.85866	5.52272	7.41195	9.79345	11.104	14.7139	
17.9822	14.2871	11.3207	7.82303	5.46514	3.85866	0	3.85641	5.46476	8.92437	10.9211	14.6671	
15.5585	11.8058	9.10885	5.36335	5.1935	5.52272	3.85641	0	3.81332	6.49486	9.4719	12.8278	
13.832	10.0255	8.11593	5.37657	5.4282	7.41195	5.46476	3.81332	0	3.80611	6.46162	9.90512	
10.2363	6.45652	5.55252	4.54338	6.57898	9.79345	8.92437	6.49486	3.80611	0	3.83638	6.54488	
8.63985	5.43054	5.30682	6.32576	7.42373	11.104	10.9211	9.4719	6.46162	3.83638	0	3.82576	
6.16263	4.32098	6.66413	9.08154	10.9149	14.7139	14.6671	12.8278	9.90512	6.54488	3.82576	0	

