4pjh	
CYS	ALA	ALA	MET	ASP	SER	ASN	TYR	GLN	LEU	ILE	TRP	
0	3.80978	6.8771	10.1875	13.1481	16.8471	17.686	15.023	13.4183	9.75357	8.59854	6.15633	
3.80978	0	3.79753	6.63804	9.66213	13.377	13.9372	11.3068	9.62025	6.01219	5.46189	4.39052	
6.8771	3.79753	0	3.79452	6.35429	9.99681	11.2516	9.07874	8.10799	5.47082	5.36043	6.69265	
10.1875	6.63804	3.79452	0	3.81359	6.9845	7.7855	5.34385	5.31166	4.42099	6.41544	8.90996	
13.1481	9.66213	6.35429	3.81359	0	3.88068	5.5111	5.24155	5.43679	6.35382	7.50345	10.9084	
16.8471	13.377	9.99681	6.9845	3.88068	0	3.85123	5.54069	7.40661	9.63563	11.2162	14.717	
17.686	13.9372	11.2516	7.7855	5.5111	3.85123	0	3.83709	5.48769	8.86587	11.1333	14.6468	
15.023	11.3068	9.07874	5.34385	5.24155	5.54069	3.83709	0	3.80579	6.55255	9.68615	12.6541	
13.4183	9.62025	8.10799	5.31166	5.43679	7.40661	5.48769	3.80579	0	3.78601	6.69159	9.76492	
9.75357	6.01219	5.47082	4.42099	6.35382	9.63563	8.86587	6.55255	3.78601	0	3.75911	6.18149	
8.59854	5.46189	5.36043	6.41544	7.50345	11.2162	11.1333	9.68615	6.69159	3.75911	0	3.79406	
6.15633	4.39052	6.69265	8.90996	10.9084	14.717	14.6468	12.6541	9.76492	6.18149	3.79406	0	

