4pjh	
CYS	ALA	SER	SER	GLY	GLY	ASP	SER	GLY	GLU	LEU	PHE	PHE	
0	3.7985	7.16596	10.6408	14.2097	15.1631	18.1233	18.4995	15.5759	13.3847	9.63361	8.44372	5.84718	
3.7985	0	3.80836	6.99212	10.6659	11.7511	14.6938	14.8812	11.819	9.73869	6.05102	5.26739	4.25643	
7.16596	3.80836	0	3.80045	7.09316	8.72327	12.0946	12.6751	9.378	8.37234	5.5505	5.31471	6.74094	
10.6408	6.99212	3.80045	0	3.81925	5.29399	8.5352	9.05647	5.77749	5.87564	4.84414	6.39449	9.13608	
14.2097	10.6659	7.09316	3.81925	0	3.83653	7.09471	8.14171	5.2629	7.44465	8.05515	9.44408	12.6259	
15.1631	11.7511	8.72327	5.29399	3.83653	0	3.83442	6.22403	5.04984	7.75471	8.82353	11.3935	14.1806	
18.1233	14.6938	12.0946	8.5352	7.09471	3.83442	0	3.89707	5.48261	8.60165	10.7702	13.902	16.7345	
18.4995	14.8812	12.6751	9.05647	8.14171	6.22403	3.89707	0	3.8481	6.5262	9.72089	12.9079	15.9455	
15.5759	11.819	9.378	5.77749	5.2629	5.04984	5.48261	3.8481	0	3.78562	6.69529	9.40327	12.7145	
13.3847	9.73869	8.37234	5.87564	7.44465	7.75471	8.60165	6.5262	3.78562	0	3.7811	6.72468	9.74443	
9.63361	6.05102	5.5505	4.84414	8.05515	8.82353	10.7702	9.72089	6.69529	3.7811	0	3.80524	6.23418	
8.44372	5.26739	5.31471	6.39449	9.44408	11.3935	13.902	12.9079	9.40327	6.72468	3.80524	0	3.79196	
5.84718	4.25643	6.74094	9.13608	12.6259	14.1806	16.7345	15.9455	12.7145	9.74443	6.23418	3.79196	0	

