4pji	
CYS	ALA	SER	SER	PRO	PRO	GLY	GLY	THR	ASP	THR	GLN	TYR	PHE	
0	3.82251	7.09036	10.7632	14.2933	15.3952	18.2755	17.3007	17.3179	15.0781	13.4771	9.62234	8.30846	5.71537	
3.82251	0	3.77282	7.12267	10.8221	12.242	14.8808	14.1003	13.8927	11.3755	9.77292	5.96418	5.13355	4.19387	
7.09036	3.77282	0	3.84622	7.30539	9.17764	12.0701	12.1216	12.3398	9.32532	8.4606	5.45729	5.2508	6.65808	
10.7632	7.12267	3.84622	0	3.86761	6.42829	8.75257	9.39219	9.4893	6.09238	6.09522	4.94195	6.33134	9.19501	
14.2933	10.8221	7.30539	3.86761	0	3.94868	6.09344	8.20385	9.14213	6.11535	7.88149	8.29915	9.98419	13.0374	
15.3952	12.242	9.17764	6.42829	3.94868	0	3.8617	5.73407	8.24852	6.80336	9.77863	10.165	12.6189	15.194	
18.2755	14.8808	12.0701	8.75257	6.09344	3.8617	0	3.83543	6.16083	6.00913	9.75195	11.4293	14.42	17.3255	
17.3007	14.1003	12.1216	9.39219	8.20385	5.73407	3.83543	0	3.86581	5.5811	9.19211	10.605	14.1414	16.5792	
17.3179	13.8927	12.3398	9.4893	9.14213	8.24852	6.16083	3.86581	0	3.8374	6.78798	9.14438	12.8428	15.4598	
15.0781	11.3755	9.32532	6.09238	6.11535	6.80336	6.00913	5.5811	3.8374	0	3.85539	6.34002	9.67105	12.7315	
13.4771	9.77292	8.4606	6.09522	7.88149	9.77863	9.75195	9.19211	6.78798	3.85539	0	3.8637	6.77854	9.94162	
9.62234	5.96418	5.45729	4.94195	8.29915	10.165	11.4293	10.605	9.14438	6.34002	3.8637	0	3.82667	6.42983	
8.30846	5.13355	5.2508	6.33134	9.98419	12.6189	14.42	14.1414	12.8428	9.67105	6.77854	3.82667	0	3.75958	
5.71537	4.19387	6.65808	9.19501	13.0374	15.194	17.3255	16.5792	15.4598	12.7315	9.94162	6.42983	3.75958	0	

