4pji	
CYS	ALA	VAL	VAL	ASP	SER	ASN	TYR	GLN	LEU	ILE	TRP	
0	3.85737	7.07626	10.5923	13.1598	16.8769	17.8584	15.4554	13.6446	9.98125	8.57476	6.16007	
3.85737	0	3.87619	6.97829	9.69781	13.4296	14.1066	11.6487	9.814	6.19888	5.40721	4.3595	
7.07626	3.87619	0	3.85235	6.19665	9.8218	11.1017	9.00902	7.97392	5.42959	5.19304	6.71299	
10.5923	6.97829	3.85235	0	3.83404	6.90787	7.75191	5.262	5.31628	4.52934	6.39596	9.08075	
13.1598	9.69781	6.19665	3.83404	0	3.84497	5.4507	5.19898	5.46	6.50161	7.26685	10.7888	
16.8769	13.4296	9.8218	6.90787	3.84497	0	3.83938	5.49713	7.45697	9.7465	10.9415	14.5674	
17.8584	14.1066	11.1017	7.75191	5.4507	3.83938	0	3.88759	5.55418	8.97179	10.8206	14.4995	
15.4554	11.6487	9.00902	5.262	5.19898	5.49713	3.88759	0	3.83587	6.58243	9.4603	12.6693	
13.6446	9.814	7.97392	5.31628	5.46	7.45697	5.55418	3.83587	0	3.81532	6.43703	9.67025	
9.98125	6.19888	5.42959	4.52934	6.50161	9.7465	8.97179	6.58243	3.81532	0	3.78758	6.23432	
8.57476	5.40721	5.19304	6.39596	7.26685	10.9415	10.8206	9.4603	6.43703	3.78758	0	3.82554	
6.16007	4.3595	6.71299	9.08075	10.7888	14.5674	14.4995	12.6693	9.67025	6.23432	3.82554	0	

