4pjx	
CYS	ALA	VAL	ARG	ASP	SER	ASN	TYR	GLN	LEU	ILE	TRP	
0	3.76835	6.88626	10.2888	12.9441	16.6629	17.6477	15.0544	13.6011	9.99957	8.53547	6.10134	
3.76835	0	3.79555	6.76781	9.55752	13.3007	13.9726	11.3532	9.852	6.2968	5.33815	4.24773	
6.88626	3.79555	0	3.78549	6.14422	9.78561	11.0721	8.84426	8.11041	5.63994	5.25163	6.64269	
10.2888	6.76781	3.78549	0	3.79895	6.94028	7.71155	5.1327	5.41118	4.40313	6.18507	8.82348	
12.9441	9.55752	6.14422	3.79895	0	3.85913	5.49395	5.11247	5.48869	6.58862	7.29893	10.7318	
16.6629	13.3007	9.78561	6.94028	3.85913	0	3.86889	5.53004	7.44528	9.75341	10.9664	14.5206	
17.6477	13.9726	11.0721	7.71155	5.49395	3.86889	0	3.85068	5.46483	8.87469	10.7874	14.4514	
15.0544	11.3532	8.84426	5.1327	5.11247	5.53004	3.85068	0	3.82155	6.21117	9.14365	12.3608	
13.6011	9.852	8.11041	5.41118	5.48869	7.44528	5.46483	3.82155	0	3.85468	6.26788	9.61916	
9.99957	6.2968	5.63994	4.40313	6.58862	9.75341	8.87469	6.21117	3.85468	0	3.90057	6.36269	
8.53547	5.33815	5.25163	6.18507	7.29893	10.9664	10.7874	9.14365	6.26788	3.90057	0	3.80019	
6.10134	4.24773	6.64269	8.82348	10.7318	14.5206	14.4514	12.3608	9.61916	6.36269	3.80019	0	

