4pjx	
CYS	ALA	SER	SER	ALA	ALA	VAL	GLU	GLY	GLY	ASN	THR	ILE	TYR	PHE	
0	3.82156	7.17886	10.8288	14.205	15.0647	14.3794	17.8843	19.0604	18.7004	15.778	13.7838	10.0633	8.49559	5.84751	
3.82156	0	3.80687	7.15716	10.7346	11.7217	11.2553	14.555	15.5463	14.9875	11.9762	10.0505	6.39917	5.33586	4.25853	
7.17886	3.80687	0	3.83813	7.04067	8.45063	8.95305	12.2092	13.5449	12.9525	9.47014	8.33222	5.58205	5.26378	6.64502	
10.8288	7.15716	3.83813	0	3.85486	5.40686	6.63772	9.17209	10.3074	9.55267	5.87873	5.7703	4.7681	6.27564	9.11338	
14.205	10.7346	7.04067	3.85486	0	3.87052	7.1189	8.78468	10.33	9.66713	6.05947	7.58786	8.18316	9.52121	12.6522	
15.0647	11.7217	8.45063	5.40686	3.87052	0	3.82816	5.54647	8.1712	8.9704	6.2379	8.8503	9.26079	11.6181	14.3422	
14.3794	11.2553	8.95305	6.63772	7.1189	3.82816	0	3.90393	6.86604	8.76566	6.994	9.25869	8.98583	12.0104	14.1366	
17.8843	14.555	12.2092	9.17209	8.78468	5.54647	3.90393	0	3.82255	6.74945	6.64298	9.836	10.8692	14.2981	16.8483	
19.0604	15.5463	13.5449	10.3074	10.33	8.1712	6.86604	3.82255	0	3.77571	5.76434	8.65593	10.5689	14.2234	16.9629	
18.7004	14.9875	12.9525	9.55267	9.66713	8.9704	8.76566	6.74945	3.77571	0	3.83728	6.12594	9.08226	12.4181	15.5436	
15.778	11.9762	9.47014	5.87873	6.05947	6.2379	6.994	6.64298	5.76434	3.83728	0	3.78064	6.45866	9.46983	12.8225	
13.7838	10.0505	8.33222	5.7703	7.58786	8.8503	9.25869	9.836	8.65593	6.12594	3.78064	0	3.80469	6.4378	9.82081	
10.0633	6.39917	5.58205	4.7681	8.18316	9.26079	8.98583	10.8692	10.5689	9.08226	6.45866	3.80469	0	3.8073	6.50968	
8.49559	5.33586	5.26378	6.27564	9.52121	11.6181	12.0104	14.2981	14.2234	12.4181	9.46983	6.4378	3.8073	0	3.79459	
5.84751	4.25853	6.64502	9.11338	12.6522	14.3422	14.1366	16.8483	16.9629	15.5436	12.8225	9.82081	6.50968	3.79459	0	

