4prh	
CYS	ALA	SER	SER	ALA	ARG	SER	GLY	GLU	LEU	PHE	PHE	
0	3.80567	7.03158	10.2786	13.5468	16.9522	18.1726	15.527	13.1555	9.33936	8.384	5.97891	
3.80567	0	3.79618	6.68045	9.85315	13.3136	14.3855	11.8525	9.48096	5.68411	5.13987	4.34281	
7.03158	3.79618	0	3.77384	6.75701	10.0955	11.8563	9.90125	8.37383	5.32574	5.39644	6.85934	
10.2786	6.68045	3.77384	0	3.81272	6.724	8.32608	6.29774	5.75506	4.32452	6.35672	9.07408	
13.5468	9.85315	6.75701	3.81272	0	3.83546	5.53472	5.43376	5.64719	6.32052	7.66497	11.1664	
16.9522	13.3136	10.0955	6.724	3.83546	0	3.84528	5.38073	7.71503	9.48975	11.4015	14.9065	
18.1726	14.3855	11.8563	8.32608	5.53472	3.84528	0	3.87469	6.28809	9.3942	11.5636	15.1646	
15.527	11.8525	9.90125	6.29774	5.43376	5.38073	3.87469	0	3.86594	6.74145	9.84595	13.0273	
13.1555	9.48096	8.37383	5.75506	5.64719	7.71503	6.28809	3.86594	0	3.81867	6.56507	9.67641	
9.33936	5.68411	5.32574	4.32452	6.32052	9.48975	9.3942	6.74145	3.81867	0	3.81303	6.3553	
8.384	5.13987	5.39644	6.35672	7.66497	11.4015	11.5636	9.84595	6.56507	3.81303	0	3.75041	
5.97891	4.34281	6.85934	9.07408	11.1664	14.9065	15.1646	13.0273	9.67641	6.3553	3.75041	0	

