4pri	
CYS	ALA	VAL	GLN	ASP	LEU	GLY	THR	SER	GLY	SER	ARG	LEU	THR	PHE	
0	3.88048	7.08929	10.6944	13.6072	17.0062	18.8729	18.3077	19.5449	18.0267	14.8704	13.0778	9.33872	8.41657	5.79716	
3.88048	0	3.75915	7.06905	10.1093	13.6118	15.4172	14.5622	15.6729	14.2071	11.1949	9.34975	5.64604	5.20572	4.20761	
7.08929	3.75915	0	3.85379	6.54578	9.95254	11.9139	11.5272	12.9958	12.0572	9.4286	8.29545	5.42053	5.40182	6.78005	
10.6944	7.06905	3.85379	0	3.83205	6.84385	9.1827	8.48748	9.4992	8.5823	6.29686	6.27797	5.30524	6.85835	9.48806	
13.6072	10.1093	6.54578	3.83205	0	3.81644	5.4656	5.68313	7.92694	8.62812	7.96846	8.11305	8.103	8.62958	11.8781	
17.0062	13.6118	9.95254	6.84385	3.81644	0	3.81676	5.56327	7.47901	8.93088	9.22973	10.6067	11.4368	12.3948	15.6562	
18.8729	15.4172	11.9139	9.1827	5.4656	3.81676	0	3.86252	7.08492	9.86422	11.1638	11.7069	12.805	13.0259	16.6051	
18.3077	14.5622	11.5272	8.48748	5.68313	5.56327	3.86252	0	3.83945	6.80951	8.70787	8.83908	10.7323	11.387	15.1673	
19.5449	15.6729	12.9958	9.4992	7.92694	7.47901	7.08492	3.83945	0	3.77863	6.93524	7.97816	10.9737	12.6888	16.331	
18.0267	14.2071	12.0572	8.5823	8.62812	8.93088	9.86422	6.80951	3.77863	0	3.76127	5.72952	9.18109	11.8638	15.0865	
14.8704	11.1949	9.4286	6.29686	7.96846	9.22973	11.1638	8.70787	6.93524	3.76127	0	3.87717	6.57134	9.92177	12.6102	
13.0778	9.34975	8.29545	6.27797	8.11305	10.6067	11.7069	8.83908	7.97816	5.72952	3.87717	0	3.79411	6.8024	9.60674	
9.33872	5.64604	5.42053	5.30524	8.103	11.4368	12.805	10.7323	10.9737	9.18109	6.57134	3.79411	0	3.81962	6.05275	
8.41657	5.20572	5.40182	6.85835	8.62958	12.3948	13.0259	11.387	12.6888	11.8638	9.92177	6.8024	3.81962	0	3.81791	
5.79716	4.20761	6.78005	9.48806	11.8781	15.6562	16.6051	15.1673	16.331	15.0865	12.6102	9.60674	6.05275	3.81791	0	

