4prp	
CYS	ALA	SER	SER	ALA	ARG	SER	GLY	GLU	LEU	PHE	PHE	
0	3.75941	6.99611	10.2303	13.4757	16.7383	17.775	15.1903	13.0381	9.19267	8.28432	5.73531	
3.75941	0	3.774	6.65394	9.81875	13.1624	14.0429	11.6025	9.41723	5.6482	5.06712	4.13959	
6.99611	3.774	0	3.80327	6.71627	9.90781	11.4852	9.58791	8.23696	5.43779	5.3983	6.72031	
10.2303	6.65394	3.80327	0	3.77371	6.57243	7.88052	5.87967	5.42636	4.36431	6.24287	8.9178	
13.4757	9.81875	6.71627	3.77371	0	3.82642	5.26173	5.37375	5.54672	6.60138	7.69935	11.131	
16.7383	13.1624	9.90781	6.57243	3.82642	0	3.87224	5.35805	7.66439	9.6854	11.427	14.8355	
17.775	14.0429	11.4852	7.88052	5.26173	3.87224	0	3.8759	5.99529	9.2855	11.3284	14.9234	
15.1903	11.6025	9.58791	5.87967	5.37375	5.35805	3.8759	0	3.87994	6.72016	9.77763	12.935	
13.0381	9.41723	8.23696	5.42636	5.54672	7.66439	5.99529	3.87994	0	3.86576	6.53215	9.73086	
9.19267	5.6482	5.43779	4.36431	6.60138	9.6854	9.2855	6.72016	3.86576	0	3.84876	6.31034	
8.28432	5.06712	5.3983	6.24287	7.69935	11.427	11.3284	9.77763	6.53215	3.84876	0	3.74335	
5.73531	4.13959	6.72031	8.9178	11.131	14.8355	14.9234	12.935	9.73086	6.31034	3.74335	0	

