4prp	
CYS	ALA	VAL	GLN	ASP	LEU	GLY	THR	SER	GLY	SER	ARG	LEU	THR	PHE	
0	3.90604	7.16328	10.7659	13.6907	17.1378	18.9268	17.892	19.5441	18.1495	14.812	13.131	9.35278	8.56209	5.76387	
3.90604	0	3.82129	7.10403	10.2128	13.7312	15.4242	14.1019	15.6509	14.3226	11.1179	9.38209	5.62836	5.3248	4.15812	
7.16328	3.82129	0	3.82594	6.55858	10.0139	11.8773	11.019	12.9235	12.1805	9.39951	8.36416	5.41779	5.5301	6.73084	
10.7659	7.10403	3.82594	0	3.83158	6.87685	8.98889	7.76487	9.30568	8.69545	6.37655	6.33807	5.26416	6.78967	9.39467	
13.6907	10.2128	6.55858	3.83158	0	3.85079	5.39111	5.3934	8.094	9.09154	8.30488	8.46949	8.30902	8.82378	11.9296	
17.1378	13.7312	10.0139	6.87685	3.85079	0	3.84182	5.32822	7.38851	9.1325	9.42501	10.7978	11.5405	12.5531	15.7153	
18.9268	15.4242	11.8773	8.98889	5.39111	3.84182	0	3.83759	6.93695	9.90162	11.104	11.6064	12.6996	12.9906	16.5121	
17.892	14.1019	11.019	7.76487	5.3934	5.32822	3.83759	0	3.79393	6.62717	8.1677	8.35128	10.2189	11.016	14.7755	
19.5441	15.6509	12.9235	9.30568	8.094	7.38851	6.93695	3.79393	0	3.77787	6.7931	7.99843	10.9746	12.755	16.4297	
18.1495	14.3226	12.1805	8.69545	9.09154	9.1325	9.90162	6.62717	3.77787	0	3.76496	5.92472	9.33388	12.0372	15.3195	
14.812	11.1179	9.39951	6.37655	8.30488	9.42501	11.104	8.1677	6.7931	3.76496	0	3.86647	6.48506	9.80949	12.5746	
13.131	9.38209	8.36416	6.33807	8.46949	10.7978	11.6064	8.35128	7.99843	5.92472	3.86647	0	3.82502	6.71328	9.66806	
9.35278	5.62836	5.41779	5.26416	8.30902	11.5405	12.6996	10.2189	10.9746	9.33388	6.48506	3.82502	0	3.76924	6.10479	
8.56209	5.3248	5.5301	6.78967	8.82378	12.5531	12.9906	11.016	12.755	12.0372	9.80949	6.71328	3.76924	0	3.85302	
5.76387	4.15812	6.73084	9.39467	11.9296	15.7153	16.5121	14.7755	16.4297	15.3195	12.5746	9.66806	6.10479	3.85302	0	

