4qok	
CYS	ALA	VAL	ASN	VAL	ALA	GLY	LYS	SER	THR	PHE	
0	3.80569	6.99627	10.3397	12.8734	16.149	16.3605	13.5616	9.83526	8.63534	5.99181	
3.80569	0	3.76875	6.69428	9.37982	12.5672	12.5658	9.82652	6.1526	5.60499	4.50906	
6.99627	3.76875	0	3.79807	5.99232	9.51557	10.0526	8.18798	5.402	5.2518	6.47673	
10.3397	6.69428	3.79807	0	3.78673	6.96695	6.64604	5.58388	4.34256	6.30742	8.89672	
12.8734	9.37982	5.99232	3.78673	0	3.7356	5.38849	5.64362	6.18125	6.97362	10.3454	
16.149	12.5672	9.51557	6.96695	3.7356	0	3.82919	5.61657	8.01486	8.90797	12.6622	
16.3605	12.5658	10.0526	6.64604	5.38849	3.82919	0	3.80896	7.1073	9.47327	13.0822	
13.5616	9.82652	8.18798	5.58388	5.64362	5.61657	3.80896	0	3.7824	6.35486	9.75641	
9.83526	6.1526	5.402	4.34256	6.18125	8.01486	7.1073	3.7824	0	3.75412	6.44128	
8.63534	5.60499	5.2518	6.30742	6.97362	8.90797	9.47327	6.35486	3.75412	0	3.80468	
5.99181	4.50906	6.47673	8.89672	10.3454	12.6622	13.0822	9.75641	6.44128	3.80468	0	

