4qok	
CYS	ALA	TRP	SER	GLU	THR	GLY	LEU	GLY	THR	GLY	GLU	LEU	PHE	PHE	
0	3.81424	7.192	10.7616	14.1995	15.7818	17.6557	18.1291	18.4782	18.3688	15.0354	13.3425	9.65605	8.43146	5.76538	
3.81424	0	3.80918	7.08015	10.6386	12.6003	14.4251	14.731	14.7751	14.6529	11.4447	9.7412	6.1018	5.33209	4.32109	
7.192	3.80918	0	3.85236	7.01201	8.9013	11.0939	11.9231	11.9254	12.5109	9.65683	8.57497	5.71571	5.5589	6.86632	
10.7616	7.08015	3.85236	0	3.84937	6.36723	8.0606	8.48621	8.09316	8.93383	6.46634	6.21277	5.10686	6.61232	9.3167	
14.1995	10.6386	7.01201	3.84937	0	3.77829	6.15727	7.51044	6.60262	8.5883	7.61224	8.12872	8.33704	9.4495	12.5879	
15.7818	12.6003	8.9013	6.36723	3.77829	0	3.7545	6.84271	7.56629	10.6634	9.668	11.2137	11.3492	12.6709	15.3701	
17.6557	14.4251	11.0939	8.0606	6.15727	3.7545	0	3.79312	5.97155	9.52693	8.78062	11.4685	12.382	14.6026	17.3068	
18.1291	14.731	11.9231	8.48621	7.51044	6.84271	3.79312	0	3.78855	6.81854	6.28469	9.7207	11.4752	14.4201	17.1998	
18.4782	14.7751	11.9254	8.09316	6.60262	7.56629	5.97155	3.78855	0	3.8084	5.05178	7.82352	10.3793	13.0938	16.3741	
18.3688	14.6529	12.5109	8.93383	8.5883	10.6634	9.52693	6.81854	3.8084	0	3.77376	5.73107	9.18264	12.1156	15.3887	
15.0354	11.4447	9.65683	6.46634	7.61224	9.668	8.78062	6.28469	5.05178	3.77376	0	3.79555	6.41674	9.87036	12.6887	
13.3425	9.7412	8.57497	6.21277	8.12872	11.2137	11.4685	9.7207	7.82352	5.73107	3.79555	0	3.73578	6.81433	9.81874	
9.65605	6.1018	5.71571	5.10686	8.33704	11.3492	12.382	11.4752	10.3793	9.18264	6.41674	3.73578	0	3.76792	6.29798	
8.43146	5.33209	5.5589	6.61232	9.4495	12.6709	14.6026	14.4201	13.0938	12.1156	9.87036	6.81433	3.76792	0	3.78328	
5.76538	4.32109	6.86632	9.3167	12.5879	15.3701	17.3068	17.1998	16.3741	15.3887	12.6887	9.81874	6.29798	3.78328	0	

