4qrp	
CYS	ALA	LEU	SER	ASP	PRO	VAL	ASN	ASP	MET	ARG	PHE	
0	3.82548	7.01412	10.5472	13.878	17.3486	18.2917	15.1954	13.6373	9.93749	8.39705	5.86154	
3.82548	0	3.83095	6.93759	10.5123	13.8085	14.6445	11.5705	9.89856	6.23779	5.49184	4.64689	
7.01412	3.83095	0	3.81293	7.01453	10.6224	11.3924	8.5339	7.97094	5.36195	5.16751	6.64874	
10.5472	6.93759	3.81293	0	3.83344	6.99055	7.85661	5.47742	5.38487	4.51827	6.44901	9.27478	
13.878	10.5123	7.01453	3.83344	0	3.90828	5.55827	5.14783	7.12156	7.95654	9.8842	12.9321	
17.3486	13.8085	10.6224	6.99055	3.90828	0	3.87601	6.02296	8.12386	10.1511	12.7942	16.092	
18.2917	14.6445	11.3924	7.85661	5.55827	3.87601	0	3.85711	6.871	9.96273	12.1279	15.831	
15.1954	11.5705	8.5339	5.47742	5.14783	6.02296	3.85711	0	3.82461	6.69255	8.38194	12.1567	
13.6373	9.89856	7.97094	5.38487	7.12156	8.12386	6.871	3.82461	0	3.86562	6.51167	10.0961	
9.93749	6.23779	5.36195	4.51827	7.95654	10.1511	9.96273	6.69255	3.86562	0	3.84752	6.75511	
8.39705	5.49184	5.16751	6.44901	9.8842	12.7942	12.1279	8.38194	6.51167	3.84752	0	3.83602	
5.86154	4.64689	6.64874	9.27478	12.9321	16.092	15.831	12.1567	10.0961	6.75511	3.83602	0	

