4qrp	
CYS	ALA	SER	SER	LEU	ARG	GLY	ARG	GLY	ASP	GLN	PRO	GLN	HIS	PHE	
0	3.78938	7.11772	10.7558	14.0522	15.5189	14.359	17.1444	17.582	19.0061	15.9958	13.3918	9.57437	8.36026	5.70536	
3.78938	0	3.82134	7.17517	10.6277	12.2804	11.0351	13.7727	14.2722	15.4035	12.2577	9.7596	5.94587	5.10813	4.07834	
7.11772	3.82134	0	3.81461	6.94231	8.70882	8.21648	11.1819	12.5236	13.4538	10.0002	8.54055	5.35117	5.26964	6.69547	
10.7558	7.17517	3.81461	0	3.84936	5.52117	5.07141	7.85245	9.60642	10.17	6.6453	6.41956	4.90548	6.42172	9.28526	
14.0522	10.6277	6.94231	3.84936	0	3.85409	5.91346	8.06776	10.7422	10.5298	7.10246	8.42954	8.22982	9.16858	12.4042	
15.5189	12.2804	8.70882	5.52117	3.85409	0	3.86435	5.71726	9.21578	9.96185	7.56953	9.8114	9.86706	11.8526	14.792	
14.359	11.0351	8.21648	5.07141	5.91346	3.86435	0	3.14667	5.89353	7.59983	5.69771	7.54689	7.77425	10.771	13.4979	
17.1444	13.7727	11.1819	7.85245	8.06776	5.71726	3.14667	0	3.8124	5.61409	5.42927	8.26239	9.67203	12.9806	15.8815	
17.582	14.2722	12.5236	9.60642	10.7422	9.21578	5.89353	3.8124	0	3.83741	5.45228	7.39015	9.45249	13.1451	15.8072	
19.0061	15.4035	13.4538	10.17	10.5298	9.96185	7.59983	5.61409	3.83741	0	3.87646	6.54119	9.80306	12.9805	16.1599	
15.9958	12.2577	10.0002	6.6453	7.10246	7.56953	5.69771	5.42927	5.45228	3.87646	0	3.85448	6.77702	9.57371	13.0154	
13.3918	9.7596	8.54055	6.41956	8.42954	9.8114	7.54689	8.26239	7.39015	6.54119	3.85448	0	3.82378	6.59788	9.75764	
9.57437	5.94587	5.35117	4.90548	8.22982	9.86706	7.77425	9.67203	9.45249	9.80306	6.77702	3.82378	0	3.84443	6.46154	
8.36026	5.10813	5.26964	6.42172	9.16858	11.8526	10.771	12.9806	13.1451	12.9805	9.57371	6.59788	3.84443	0	3.8344	
5.70536	4.07834	6.69547	9.28526	12.4042	14.792	13.4979	15.8815	15.8072	16.1599	13.0154	9.75764	6.46154	3.8344	0	

