4wo4	
CYS	ALA	LEU	GLY	VAL	THR	GLY	LYS	LEU	THR	PHE	
0	3.82636	7.13079	10.2448	13.8958	16.2456	14.0298	13.3306	9.58207	8.46434	5.74133	
3.82636	0	3.77863	6.53781	10.2593	12.655	10.5893	9.62776	5.96012	5.29529	4.25695	
7.13079	3.77863	0	3.77821	7.24774	10.3561	9.3632	8.23958	5.5288	5.40079	6.68882	
10.2448	6.53781	3.77821	0	3.753	6.61825	6.02078	5.20727	4.17315	6.16641	8.80736	
13.8958	10.2593	7.24774	3.753	0	3.84657	5.56445	5.64232	6.94793	9.3578	12.423	
16.2456	12.655	10.3561	6.61825	3.84657	0	3.82665	5.67363	8.28331	11.5207	14.5586	
14.0298	10.5893	9.3632	6.02078	5.56445	3.82665	0	3.83172	5.81532	9.53272	12.1095	
13.3306	9.62776	8.23958	5.20727	5.64232	5.67363	3.83172	0	3.8202	6.7919	10.0553	
9.58207	5.96012	5.5288	4.17315	6.94793	8.28331	5.81532	3.8202	0	3.79605	6.44474	
8.46434	5.29529	5.40079	6.16641	9.3578	11.5207	9.53272	6.7919	3.79605	0	3.84599	
5.74133	4.25695	6.68882	8.80736	12.423	14.5586	12.1095	10.0553	6.44474	3.84599	0	

