4wo4	
CYS	SER	ALA	PRO	GLY	GLY	VAL	GLY	ALA	PHE	PHE	
0	3.77518	7.00645	10.2273	12.7967	14.9245	16.0623	13.3372	9.68316	8.46216	5.93117	
3.77518	0	3.77437	6.66371	9.06878	11.2486	12.4277	9.75833	6.01926	5.16075	4.10562	
7.00645	3.77437	0	3.8609	6.30623	9.27233	11.1299	8.71239	5.32188	5.09771	6.55056	
10.2273	6.66371	3.8609	0	3.79382	7.2463	8.50102	5.8724	3.98481	6.1253	8.76123	
12.7967	9.06878	6.30623	3.79382	0	3.76586	6.07907	5.31029	4.74922	6.07316	9.71261	
14.9245	11.2486	9.27233	7.2463	3.76586	0	3.82143	5.57939	6.2113	6.8086	10.5049	
16.0623	12.4277	11.1299	8.50102	6.07907	3.82143	0	3.83585	6.52375	8.42673	11.5701	
13.3372	9.75833	8.71239	5.8724	5.31029	5.57939	3.83585	0	3.83806	7.1353	9.83564	
9.68316	6.01926	5.32188	3.98481	4.74922	6.2113	6.52375	3.83806	0	3.81716	6.35365	
8.46216	5.16075	5.09771	6.1253	6.07316	6.8086	8.42673	7.1353	3.81716	0	3.80822	
5.93117	4.10562	6.55056	8.76123	9.71261	10.5049	11.5701	9.83564	6.35365	3.80822	0	

