4x6c	
CYS	ALA	SER	ARG	TYR	PHE	LEU	PRO	THR	GLN	GLY	MET	GLY	ALA	PHE	PHE	
0	3.79917	7.13587	10.7967	14.2594	15.9319	18.7058	18.1022	21.2989	20.4087	19.3246	16.3897	13.2595	9.75241	8.4953	5.85915	
3.79917	0	3.74819	7.14549	10.773	12.6468	15.1391	14.3523	17.5245	16.6712	15.6039	12.7611	9.82352	6.16159	5.34131	4.28107	
7.13587	3.74819	0	3.7819	7.14793	9.29825	11.8774	11.1826	14.4862	14.1881	13.5616	11.1176	9.06677	5.51856	5.22437	6.63654	
10.7967	7.14549	3.7819	0	3.79938	6.40077	8.33638	7.40239	10.7761	10.8251	10.3486	8.34306	7.43468	5.06429	6.13233	9.05225	
14.2594	10.773	7.14793	3.79938	0	3.7912	5.45157	5.10095	8.57639	9.88969	10.1159	9.08982	9.69181	8.42042	9.5798	12.753	
15.9319	12.6468	9.29825	6.40077	3.7912	0	3.80732	6.10337	9.63654	11.7145	11.2334	9.87216	11.1285	10.4671	12.4699	15.2867	
18.7058	15.1391	11.8774	8.33638	5.45157	3.80732	0	3.75976	6.5796	9.21258	8.85728	8.55673	10.9854	11.4983	13.7914	17.0581	
18.1022	14.3523	11.1826	7.40239	5.10095	6.10337	3.75976	0	3.774	5.71471	6.16811	6.81117	9.18962	9.90336	11.7535	15.3778	
21.2989	17.5245	14.4862	10.7761	8.57639	9.63654	6.5796	3.774	0	3.80595	5.88181	8.4077	11.2496	12.6001	14.1495	17.9207	
20.4087	16.6712	14.1881	10.8251	9.88969	11.7145	9.21258	5.71471	3.80595	0	3.82211	7.06096	9.40752	11.1852	12.5037	16.2064	
19.3246	15.6039	13.5616	10.3486	10.1159	11.2334	8.85728	6.16811	5.88181	3.82211	0	3.8161	6.8642	9.63366	11.9442	15.3233	
16.3897	12.7611	11.1176	8.34306	9.08982	9.87216	8.55673	6.81117	8.4077	7.06096	3.8161	0	3.76081	6.83936	9.96664	12.9271	
13.2595	9.82352	9.06677	7.43468	9.69181	11.1285	10.9854	9.18962	11.2496	9.40752	6.8642	3.76081	0	3.81604	7.04798	9.49112	
9.75241	6.16159	5.51856	5.06429	8.42042	10.4671	11.4983	9.90336	12.6001	11.1852	9.63366	6.83936	3.81604	0	3.79246	6.25504	
8.4953	5.34131	5.22437	6.13233	9.5798	12.4699	13.7914	11.7535	14.1495	12.5037	11.9442	9.96664	7.04798	3.79246	0	3.82684	
5.85915	4.28107	6.63654	9.05225	12.753	15.2867	17.0581	15.3778	17.9207	16.2064	15.3233	12.9271	9.49112	6.25504	3.82684	0	

