4x6c	
CYS	ALA	MET	SER	THR	SER	LEU	PRO	ASN	ALA	GLY	LYS	SER	THR	PHE	
0	3.80387	6.92584	10.5823	13.8625	16.7822	19.0962	20.2091	17.0303	18.3418	15.7357	13.3124	9.62666	8.19581	5.67556	
3.80387	0	3.80379	7.10289	10.6103	13.6282	15.6666	16.5759	13.2939	14.545	12.0478	9.57407	5.8764	5.15821	4.26325	
6.92584	3.80379	0	3.79414	6.94987	10.0191	12.4291	13.5198	10.5051	12.5519	10.6482	8.43277	5.09276	5.29503	6.75924	
10.5823	7.10289	3.79414	0	3.8068	6.71435	8.73999	9.72662	6.8373	9.29436	7.90516	6.40778	4.67041	6.70466	9.47341	
13.8625	10.6103	6.94987	3.8068	0	3.808	6.58779	7.63922	5.69009	9.21383	9.26618	8.35492	7.80951	9.40552	12.5961	
16.7822	13.6282	10.0191	6.71435	3.808	0	3.7905	5.88929	6.07599	9.73679	10.139	10.5988	10.8204	13.0	16.0881	
19.0962	15.6666	12.4291	8.73999	6.58779	3.7905	0	2.8792	4.97859	7.82153	8.7719	10.4429	11.8555	14.7061	17.942	
20.2091	16.5759	13.5198	9.72662	7.63922	5.88929	2.8792	0	3.84439	5.95947	8.05779	9.77694	11.9462	14.7805	18.258	
17.0303	13.2939	10.5051	6.8373	5.69009	6.07599	4.97859	3.84439	0	3.80341	5.43812	6.1145	8.27309	11.0649	14.5865	
18.3418	14.545	12.5519	9.29436	9.21383	9.73679	7.82153	5.95947	3.80341	0	3.79553	5.44637	8.8969	11.9503	15.2711	
15.7357	12.0478	10.6482	7.90516	9.26618	10.139	8.7719	8.05779	5.43812	3.79553	0	3.81577	6.86272	10.483	13.2364	
13.3124	9.57407	8.43277	6.40778	8.35492	10.5988	10.4429	9.77694	6.1145	5.44637	3.81577	0	3.77468	6.93851	9.94138	
9.62666	5.8764	5.09276	4.67041	7.80951	10.8204	11.8555	11.9462	8.27309	8.8969	6.86272	3.77468	0	3.79988	6.58029	
8.19581	5.15821	5.29503	6.70466	9.40552	13.0	14.7061	14.7805	11.0649	11.9503	10.483	6.93851	3.79988	0	3.80165	
5.67556	4.26325	6.75924	9.47341	12.5961	16.0881	17.942	18.258	14.5865	15.2711	13.2364	9.94138	6.58029	3.80165	0	

