4x6d	
CYS	ALA	MET	SER	THR	SER	LEU	PRO	ASN	ALA	GLY	LYS	SER	THR	PHE	
0	3.7576	6.95601	10.6158	13.7798	16.8382	19.1029	20.3014	16.8829	18.3015	15.7039	13.5372	9.77506	8.32881	5.88164	
3.7576	0	3.82258	7.15045	10.5674	13.7353	15.73	16.7154	13.2098	14.5527	12.07	9.84007	6.08594	5.24664	4.31923	
6.95601	3.82258	0	3.80132	6.8484	10.0418	12.3707	13.5536	10.2593	12.3593	10.4408	8.51905	5.30778	5.24634	6.76608	
10.6158	7.15045	3.80132	0	3.81466	6.8334	8.70864	9.75622	6.52483	8.99049	7.56076	6.33804	4.8157	6.54943	9.38568	
13.7798	10.5674	6.8484	3.81466	0	3.81038	6.56802	7.79325	5.50092	9.02433	9.05822	8.36418	8.01858	9.23236	12.472	
16.8382	13.7353	10.0418	6.8334	3.81038	0	3.80005	6.03626	5.80351	9.53778	10.0105	10.6536	11.1088	12.8916	16.0632	
19.1029	15.73	12.3707	8.70864	6.56802	3.80005	0	2.98198	4.69366	7.59428	8.59846	10.3981	12.01	14.5567	17.8545	
20.3014	16.7154	13.5536	9.75622	7.79325	6.03626	2.98198	0	3.8202	5.68314	7.88995	9.68028	12.0857	14.692	18.209	
16.8829	13.2098	10.2593	6.52483	5.50092	5.80351	4.69366	3.8202	0	3.80232	5.27588	6.09119	8.31312	10.9196	14.4369	
18.3015	14.5527	12.3593	8.99049	9.02433	9.53778	7.59428	5.68314	3.80232	0	3.81011	5.29674	8.80779	11.7942	15.1238	
15.7039	12.07	10.4408	7.56076	9.05822	10.0105	8.59846	7.88995	5.27588	3.81011	0	3.80788	6.75839	10.3798	13.135	
13.5372	9.84007	8.51905	6.33804	8.36418	10.6536	10.3981	9.68028	6.09119	5.29674	3.80788	0	3.81104	6.98159	9.97617	
9.77506	6.08594	5.30778	4.8157	8.01858	11.1088	12.01	12.0857	8.31312	8.80779	6.75839	3.81104	0	3.78291	6.47626	
8.32881	5.24664	5.24634	6.54943	9.23236	12.8916	14.5567	14.692	10.9196	11.7942	10.3798	6.98159	3.78291	0	3.81492	
5.88164	4.31923	6.76608	9.38568	12.472	16.0632	17.8545	18.209	14.4369	15.1238	13.135	9.97617	6.47626	3.81492	0	

