2nx5	
CYS	ALA	VAL	GLN	ALA	SER	GLY	GLY	SER	TYR	ILE	PRO	THR	PHE	
0	3.82074	6.87369	10.4811	13.1771	16.9419	16.7217	16.2936	16.6175	14.5887	13.0523	9.34508	8.41852	5.90613	
3.82074	0	3.81824	6.96012	10.0007	13.6842	13.7702	13.045	12.9731	10.8415	9.27285	5.59811	5.34095	4.47532	
6.87369	3.81824	0	3.81769	6.36744	10.1508	10.5206	10.4745	10.3734	8.21377	7.86704	5.26254	5.23283	6.57082	
10.4811	6.96012	3.81769	0	3.80696	7.18404	8.55307	8.35286	7.22411	4.53393	5.39991	4.71766	6.22667	9.08988	
13.1771	10.0007	6.36744	3.80696	0	3.81424	5.21487	6.37471	5.99625	4.89057	7.15807	7.84893	8.18063	11.335	
16.9419	13.6842	10.1508	7.18404	3.81424	0	3.82126	5.67312	5.04387	5.6607	8.69438	10.6805	11.0915	14.5634	
16.7217	13.7702	10.5206	8.55307	5.21487	3.82126	0	3.78723	5.87962	7.83728	9.55158	11.2093	10.3244	13.5812	
16.2936	13.045	10.4745	8.35286	6.37471	5.67312	3.78723	0	3.74116	6.72679	7.16034	9.41161	8.59578	12.141	
16.6175	12.9731	10.3734	7.22411	5.99625	5.04387	5.87962	3.74116	0	3.78789	5.14469	8.37531	9.15964	12.9686	
14.5887	10.8415	8.21377	4.53393	4.89057	5.6607	7.83728	6.72679	3.78789	0	3.82242	6.37523	8.44117	12.0312	
13.0523	9.27285	7.86704	5.39991	7.15807	8.69438	9.55158	7.16034	5.14469	3.82242	0	3.81759	6.0565	9.54685	
9.34508	5.59811	5.26254	4.71766	7.84893	10.6805	11.2093	9.41161	8.37531	6.37523	3.81759	0	3.81418	6.44907	
8.41852	5.34095	5.23283	6.22667	8.18063	11.0915	10.3244	8.59578	9.15964	8.44117	6.0565	3.81418	0	3.81051	
5.90613	4.47532	6.57082	9.08988	11.335	14.5634	13.5812	12.141	12.9686	12.0312	9.54685	6.44907	3.81051	0	

2nx5	
CYS	ALA	THR	GLY	THR	GLY	ASP	SER	ASN	GLN	PRO	GLN	HIS	PHE	
0	3.79002	7.15737	10.6489	14.306	14.8833	17.5216	18.0384	19.1454	16.2845	13.4282	9.6867	8.4863	5.77019	
3.79002	0	3.82828	7.03041	10.7821	11.5687	13.9574	14.6523	15.5578	12.5664	9.88471	6.11574	5.2572	4.08708	
7.15737	3.82828	0	3.79434	7.27746	8.71181	11.3007	12.8509	13.7931	10.6204	8.9275	5.66401	5.24772	6.57045	
10.6489	7.03041	3.79434	0	3.79721	5.41526	7.60123	9.56019	10.4615	7.42676	6.90308	5.00765	6.32307	9.04436	
14.306	10.7821	7.27746	3.79721	0	3.80896	5.4811	8.67516	9.58121	7.1112	8.46841	8.08326	9.57295	12.6899	
14.8833	11.5687	8.71181	5.41526	3.80896	0	3.80814	6.3075	8.65246	7.49048	9.04669	8.74077	11.348	13.9831	
17.5216	13.9574	11.3007	7.60123	5.4811	3.80814	0	3.7996	5.4034	5.37198	8.27467	9.5694	12.471	15.5528	
18.0384	14.6523	12.8509	9.56019	8.67516	6.3075	3.7996	0	3.84284	5.7057	8.01016	9.76777	13.2865	15.9565	
19.1454	15.5578	13.7931	10.4615	9.58121	8.65246	5.4034	3.84284	0	3.81848	6.76754	9.79563	12.8864	15.9346	
16.2845	12.5664	10.6204	7.42676	7.1112	7.49048	5.37198	5.7057	3.81848	0	3.81476	6.77511	9.38085	12.7246	
13.4282	9.88471	8.9275	6.90308	8.46841	9.04669	8.27467	8.01016	6.76754	3.81476	0	3.78284	6.41182	9.36902	
9.6867	6.11574	5.66401	5.00765	8.08326	8.74077	9.5694	9.76777	9.79563	6.77511	3.78284	0	3.81193	6.24832	
8.4863	5.2572	5.24772	6.32307	9.57295	11.348	12.471	13.2865	12.8864	9.38085	6.41182	3.81193	0	3.80842	
5.77019	4.08708	6.57045	9.04436	12.6899	13.9831	15.5528	15.9565	15.9346	12.7246	9.36902	6.24832	3.80842	0	

1fyt	
CYS	ALA	VAL	SER	GLU	SER	PRO	PHE	GLY	ASN	GLU	LYS	LEU	THR	PHE	
0	3.80371	7.06915	10.4877	14.1228	15.083	15.6782	15.1293	12.4669	15.48	15.7697	13.7024	9.89509	8.50822	5.78519	
3.80371	0	3.76914	6.8298	10.5698	11.6013	12.7364	12.3354	9.35093	12.2235	12.1163	10.0482	6.29663	5.39039	4.23063	
7.06915	3.76914	0	3.7983	7.19703	8.98033	10.3823	10.9877	8.38203	11.3254	10.5535	8.82955	5.83468	5.29457	6.54055	
10.4877	6.8298	3.7983	0	3.80418	5.47874	7.77843	8.63857	6.15557	8.52905	7.25617	6.33161	4.88751	6.27977	8.91661	
14.1228	10.5698	7.19703	3.80418	0	3.78983	6.5269	8.65183	7.47802	9.03922	7.20591	7.58074	7.90412	9.47262	12.5413	
15.083	11.6013	8.98033	5.47874	3.78983	0	3.81035	5.26035	5.01571	6.18479	5.64643	7.72462	8.49633	11.224	13.9219	
15.6782	12.7364	10.3823	7.77843	6.5269	3.81035	0	3.80868	5.94225	7.97184	8.91976	11.1611	11.2011	13.7984	15.873	
15.1293	12.3354	10.9877	8.63857	8.65183	5.26035	3.80868	0	3.80114	5.54583	8.02263	10.515	10.4713	13.6446	15.2739	
12.4669	9.35093	8.38203	6.15557	7.47802	5.01571	5.94225	3.80114	0	3.81964	5.7864	7.29143	6.79652	10.1317	11.7691	
15.48	12.2235	11.3254	8.52905	9.03922	6.18479	7.97184	5.54583	3.81964	0	3.82441	6.61802	7.89004	11.6474	13.6949	
15.7697	12.1163	10.5535	7.25617	7.20591	5.64643	8.91976	8.02263	5.7864	3.82441	0	3.79806	6.56799	9.99853	12.8838	
13.7024	10.0482	8.82955	6.33161	7.58074	7.72462	11.1611	10.515	7.29143	6.61802	3.79806	0	3.81681	6.71367	9.82513	
9.89509	6.29663	5.83468	4.88751	7.90412	8.49633	11.2011	10.4713	6.79652	7.89004	6.56799	3.81681	0	3.78282	6.31956	
8.50822	5.39039	5.29457	6.27977	9.47262	11.224	13.7984	13.6446	10.1317	11.6474	9.99853	6.71367	3.78282	0	3.80775	
5.78519	4.23063	6.54055	8.91661	12.5413	13.9219	15.873	15.2739	11.7691	13.6949	12.8838	9.82513	6.31956	3.80775	0	

1fyt	
CYS	ALA	SER	SER	SER	THR	GLY	LEU	PRO	TYR	GLY	TYR	THR	PHE	
0	3.77648	6.93667	10.5206	13.9485	16.5307	18.9814	17.8991	19.5904	16.5179	13.1258	9.5163	8.53822	5.99604	
3.77648	0	3.76095	6.9563	10.5461	13.1236	15.4792	14.2061	15.8164	12.7886	9.43571	5.93691	5.53394	4.54387	
6.93667	3.76095	0	3.78142	7.14375	10.1812	12.1832	11.2189	13.4799	11.0384	8.26514	5.77796	5.67917	6.91277	
10.5206	6.9563	3.78142	0	3.76921	6.8231	8.58456	7.50307	9.90204	7.95896	5.86127	5.27944	6.53048	9.21966	
13.9485	10.5461	7.14375	3.76921	0	3.78913	5.08721	5.34455	8.629	8.2241	7.50173	8.49046	10.0473	12.9707	
16.5307	13.1236	10.1812	6.8231	3.78913	0	3.7788	5.55178	8.0685	8.67135	8.4223	10.4149	12.8602	15.7103	
18.9814	15.4792	12.1832	8.58456	5.08721	3.7788	0	3.78433	6.88591	8.77819	9.93978	12.3327	14.1656	17.4786	
17.8991	14.2061	11.2189	7.50307	5.34455	5.55178	3.78433	0	3.88386	5.41568	7.36978	10.0911	11.693	15.293	
19.5904	15.8164	13.4799	9.90204	8.629	8.0685	6.88591	3.88386	0	3.78515	7.11425	10.6214	12.5957	16.1792	
16.5179	12.7886	11.0384	7.95896	8.2241	8.67135	8.77819	5.41568	3.78515	0	3.7728	7.1955	9.23754	12.6883	
13.1258	9.43571	8.26514	5.86127	7.50173	8.4223	9.93978	7.36978	7.11425	3.7728	0	3.77313	6.79503	9.76827	
9.5163	5.93691	5.77796	5.27944	8.49046	10.4149	12.3327	10.0911	10.6214	7.1955	3.77313	0	3.77752	6.12458	
8.53822	5.53394	5.67917	6.53048	10.0473	12.8602	14.1656	11.693	12.5957	9.23754	6.79503	3.77752	0	3.79218	
5.99604	4.54387	6.91277	9.21966	12.9707	15.7103	17.4786	15.293	16.1792	12.6883	9.76827	6.12458	3.79218	0	

4ozi	


4ozi	
CYS	SER	ALA	GLY	VAL	GLY	GLY	GLN	GLU	THR	GLN	TYR	PHE	
0	3.84026	7.0038	10.2948	14.0299	13.6783	13.2335	11.4259	13.857	13.1511	9.33556	8.51889	5.6421	
3.84026	0	3.82687	6.74831	10.4689	10.3592	10.1636	8.6047	10.576	9.40517	5.56056	5.22874	3.95668	
7.0038	3.82687	0	3.82684	7.19923	7.55008	8.64161	8.6012	10.3041	8.08803	4.92226	5.7336	6.64713	
10.2948	6.74831	3.82684	0	3.83492	3.96367	5.59276	6.70997	7.80824	5.23934	3.94305	6.77494	9.12644	
14.0299	10.4689	7.19923	3.83492	0	3.1802	6.53862	8.9687	8.94798	5.80082	6.75735	9.36088	12.3844	
13.6783	10.3592	7.55008	3.96367	3.1802	0	3.80965	7.01369	7.8914	6.02284	6.97152	10.3904	12.9215	
13.2335	10.1636	8.64161	5.59276	6.53862	3.80965	0	3.84186	5.54838	5.79247	6.79217	10.6495	12.7196	
11.4259	8.6047	8.6012	6.70997	8.9687	7.01369	3.84186	0	3.86556	5.73272	5.66898	9.15731	10.6204	
13.857	10.576	10.3041	7.80824	8.94798	7.8914	5.54838	3.86556	0	3.86408	5.90524	9.04532	11.4541	
13.1511	9.40517	8.08803	5.23934	5.80082	6.02284	5.79247	5.73272	3.86408	0	3.88913	6.93846	10.1942	
9.33556	5.56056	4.92226	3.94305	6.75735	6.97152	6.79217	5.66898	5.90524	3.88913	0	3.87075	6.55928	
8.51889	5.22874	5.7336	6.77494	9.36088	10.3904	10.6495	9.15731	9.04532	6.93846	3.87075	0	3.84106	
5.6421	3.95668	6.64713	9.12644	12.3844	12.9215	12.7196	10.6204	11.4541	10.1942	6.55928	3.84106	0	

4ozh	
CYS	ILE	VAL	TRP	GLY	GLY	ALA	THR	ASN	LYS	LEU	ILE	PHE	
0	3.84758	7.19094	10.0306	13.5175	17.0084	18.1206	14.6931	15.947	14.3451	10.8945	9.96026	7.89097	
3.84758	0	3.84609	6.45942	9.96624	13.3027	14.295	10.895	12.4435	11.1974	8.2105	7.68777	7.17617	
7.19094	3.84609	0	3.84274	6.5895	10.0391	11.7196	8.94871	11.4813	11.3093	9.42576	9.38411	10.125	
10.0306	6.45942	3.84274	0	3.8066	7.19553	8.65781	6.0946	8.54432	9.43591	8.53101	9.89219	11.6736	
13.5175	9.96624	6.5895	3.8066	0	3.78648	6.5097	5.78378	9.0513	11.0674	11.3143	12.6825	14.952	
17.0084	13.3027	10.0391	7.19553	3.78648	0	3.82474	5.54201	8.74731	11.5369	12.9353	14.4394	17.3064	
18.1206	14.295	11.7196	8.65781	6.5097	3.82474	0	3.87676	6.08417	9.2066	11.5906	13.3952	16.7813	
14.6931	10.895	8.94871	6.0946	5.78378	5.54201	3.87676	0	3.8264	6.00768	7.81336	9.65594	12.9738	
15.947	12.4435	11.4813	8.54432	9.0513	8.74731	6.08417	3.8264	0	3.84821	6.77901	9.62276	13.0906	
14.3451	11.1974	11.3093	9.43591	11.0674	11.5369	9.2066	6.00768	3.84821	0	3.82517	6.39954	9.94523	
10.8945	8.2105	9.42576	8.53101	11.3143	12.9353	11.5906	7.81336	6.77901	3.82517	0	3.84285	6.62192	
9.96026	7.68777	9.38411	9.89219	12.6825	14.4394	13.3952	9.65594	9.62276	6.39954	3.84285	0	3.84001	
7.89097	7.17617	10.125	11.6736	14.952	17.3064	16.7813	12.9738	13.0906	9.94523	6.62192	3.84001	0	

4ozh	
CYS	ALA	SER	SER	VAL	ARG	SER	THR	ASP	THR	GLN	TYR	PHE	
0	3.84109	7.11032	10.8154	14.1811	14.72	14.6215	15.5947	14.8218	13.2686	9.45838	8.40831	5.67391	
3.84109	0	3.83591	7.21304	10.8263	11.5248	11.5605	12.2559	11.0864	9.48145	5.72379	5.24759	4.20507	
7.11032	3.83591	0	3.84496	7.10073	8.23493	9.25399	10.5712	8.85819	7.97535	5.1663	5.39492	6.68353	
10.8154	7.21304	3.84496	0	3.87327	5.31128	6.94594	8.0278	5.60386	5.63779	4.88273	6.57623	9.36737	
14.1811	10.8263	7.10073	3.87327	0	3.88305	7.30809	9.0692	6.57494	7.8923	8.50494	9.91264	12.9101	
14.72	11.5248	8.23493	5.31128	3.88305	0	3.88568	6.70853	5.99322	8.79143	9.35543	11.829	14.431	
14.6215	11.5605	9.25399	6.94594	7.30809	3.88568	0	3.89909	5.57195	8.80145	9.2148	12.5086	14.7189	
15.5947	12.2559	10.5712	8.0278	9.0692	6.70853	3.89909	0	3.89601	7.05728	8.43502	12.1788	14.6447	
14.8218	11.0864	8.85819	5.60386	6.57494	5.99322	5.57195	3.89601	0	3.88708	6.31851	9.61708	12.7628	
13.2686	9.48145	7.97535	5.63779	7.8923	8.79143	8.80145	7.05728	3.88708	0	3.83792	6.57425	9.96181	
9.45838	5.72379	5.1663	4.88273	8.50494	9.35543	9.2148	8.43502	6.31851	3.83792	0	3.84062	6.51517	
8.40831	5.24759	5.39492	6.57623	9.91264	11.829	12.5086	12.1788	9.61708	6.57425	3.84062	0	3.84267	
5.67391	4.20507	6.68353	9.36737	12.9101	14.431	14.7189	14.6447	12.7628	9.96181	6.51517	3.84267	0	

4l3e	
CYS	ALA	VAL	ASN	PHE	GLY	GLY	GLY	LYS	LEU	ILE	PHE	
0	3.81461	6.7933	10.3843	12.9316	15.9842	17.3349	16.0026	13.8612	10.3618	8.43605	5.71224	
3.81461	0	3.77721	6.84795	9.68686	12.4559	13.5618	12.2186	10.2279	6.65598	5.4944	4.31026	
6.7933	3.77721	0	3.8125	6.43174	9.32013	11.1387	10.774	8.56066	5.84767	5.48052	6.58197	
10.3843	6.84795	3.8125	0	3.79859	5.72101	7.37175	7.56314	5.80784	4.35499	6.10273	8.81682	
12.9316	9.68686	6.43174	3.79859	0	3.79036	6.78142	7.9373	5.33087	6.20039	7.12129	10.5115	
15.9842	12.4559	9.32013	5.72101	3.79036	0	3.76257	6.50085	5.66278	7.73003	9.96086	13.5284	
17.3349	13.5618	11.1387	7.37175	6.78142	3.76257	0	3.77223	5.29607	7.73931	10.8981	14.433	
16.0026	12.2186	10.774	7.56314	7.9373	6.50085	3.77223	0	3.79095	5.7779	9.18674	12.46	
13.8612	10.2279	8.56066	5.80784	5.33087	5.66278	5.29607	3.79095	0	3.83258	6.16221	9.85062	
10.3618	6.65598	5.84767	4.35499	6.20039	7.73003	7.73931	5.7779	3.83258	0	3.82391	6.83883	
8.43605	5.4944	5.48052	6.10273	7.12129	9.96086	10.8981	9.18674	6.16221	3.82391	0	3.8339	
5.71224	4.31026	6.58197	8.81682	10.5115	13.5284	14.433	12.46	9.85062	6.83883	3.8339	0	

4l3e	
CYS	ALA	SER	SER	TRP	SER	PHE	GLY	THR	GLU	ALA	PHE	PHE	
0	3.7797	6.96653	10.6088	14.0386	15.267	14.9087	15.9026	15.2591	13.2382	9.4206	8.46663	5.94721	
3.7797	0	3.78988	7.0908	10.7058	12.1033	11.9725	12.6659	11.6203	9.52255	5.72217	5.16876	4.12473	
6.96653	3.78988	0	3.81519	7.07699	8.73159	9.39564	10.6888	9.38206	8.09973	5.03371	5.28079	6.63212	
10.6088	7.0908	3.81519	0	3.84112	5.53544	6.81317	7.81489	5.98112	5.63921	4.46877	6.25379	9.08061	
14.0386	10.7058	7.07699	3.84112	0	3.77593	6.97896	8.49023	6.46403	7.55353	7.92483	9.31092	12.4873	
15.267	12.1033	8.73159	5.53544	3.77593	0	3.76491	6.16832	5.89288	8.51143	9.20542	11.6894	14.561	
14.9087	11.9725	9.39564	6.81317	6.97896	3.76491	0	3.80621	5.81401	8.65647	9.13544	12.4143	14.7754	
15.9026	12.6659	10.6888	7.81489	8.49023	6.16832	3.80621	0	3.77998	6.83713	8.46371	12.1423	14.6739	
15.2591	11.6203	9.38206	5.98112	6.46403	5.89288	5.81401	3.77998	0	3.80609	6.50468	9.69141	12.8247	
13.2382	9.52255	8.09973	5.63921	7.55353	8.51143	8.65647	6.83713	3.80609	0	3.82013	6.55524	9.71436	
9.4206	5.72217	5.03371	4.46877	7.92483	9.20542	9.13544	8.46371	6.50468	3.82013	0	3.83965	6.36557	
8.46663	5.16876	5.28079	6.25379	9.31092	11.6894	12.4143	12.1423	9.69141	6.55524	3.83965	0	3.76679	
5.94721	4.12473	6.63212	9.08061	12.4873	14.561	14.7754	14.6739	12.8247	9.71436	6.36557	3.76679	0	

4ozg	
CYS	ILE	VAL	LEU	GLY	GLY	ALA	ASP	GLY	LEU	THR	PHE	
0	3.86033	7.11063	10.2226	13.1411	16.6118	17.8232	15.4213	13.5166	10.7025	9.71366	7.86013	
3.86033	0	3.84833	6.58947	9.47038	12.8316	14.0174	11.6239	9.99215	7.72519	7.30171	7.01218	
7.11063	3.84833	0	3.87559	6.38447	10.0461	12.0644	10.0433	9.6367	8.82376	9.04604	10.0108	
10.2226	6.58947	3.87559	0	2.99494	6.50916	8.56076	7.39685	7.37965	7.87331	9.49673	11.5288	
13.1411	9.47038	6.38447	2.99494	0	3.79331	6.69627	6.3629	7.73112	9.47601	11.2982	13.8616	
16.6118	12.8316	10.0461	6.50916	3.79331	0	3.81331	5.34392	7.82613	10.7726	13.0041	16.1209	
17.8232	14.0174	12.0644	8.56076	6.69627	3.81331	0	3.88124	6.07109	9.67583	12.2569	15.7148	
15.4213	11.6239	10.0433	7.39685	6.3629	5.34392	3.88124	0	3.81787	7.22191	8.967	12.5475	
13.5166	9.99215	9.6367	7.37965	7.73112	7.82613	6.07109	3.81787	0	3.76598	6.47865	9.91914	
10.7025	7.72519	8.82376	7.87331	9.47601	10.7726	9.67583	7.22191	3.76598	0	3.75216	6.54078	
9.71366	7.30171	9.04604	9.49673	11.2982	13.0041	12.2569	8.967	6.47865	3.75216	0	3.7211	
7.86013	7.01218	10.0108	11.5288	13.8616	16.1209	15.7148	12.5475	9.91914	6.54078	3.7211	0	

4ozg	
CYS	ALA	SER	SER	PHE	ARG	PHE	THR	ASP	THR	GLN	TYR	PHE	
0	3.82026	6.98183	10.5368	13.6912	15.007	14.2671	15.4	14.7825	13.3181	9.55974	8.4791	5.69586	
3.82026	0	3.80896	6.94712	10.3625	11.8238	11.3026	12.1227	11.0953	9.53468	5.80923	5.25746	4.07248	
6.98183	3.80896	0	3.81873	6.7185	8.48955	8.8494	10.3167	8.8493	8.08239	5.21653	5.47083	6.6206	
10.5368	6.94712	3.81873	0	3.79347	5.49929	6.42275	7.42435	5.28181	5.29198	4.3227	6.31957	9.03269	
13.6912	10.3625	6.7185	3.79347	0	3.73278	6.77305	8.43864	6.06107	7.33736	7.80286	9.31838	12.3117	
15.007	11.8238	8.48955	5.49929	3.73278	0	3.76918	6.20048	5.4936	8.38623	9.24459	11.7733	14.4671	
14.2671	11.3026	8.8494	6.42275	6.77305	3.76918	0	3.80933	5.46799	8.53114	8.99581	12.2161	14.3605	
15.4	12.1227	10.3167	7.42435	8.43864	6.20048	3.80933	0	3.7963	6.83372	8.33928	12.0547	14.4718	
14.7825	11.0953	8.8493	5.28181	6.06107	5.4936	5.46799	3.7963	0	3.77494	6.26985	9.59918	12.7111	
13.3181	9.53468	8.08239	5.29198	7.33736	8.38623	8.53114	6.83372	3.77494	0	3.79287	6.69634	10.0323	
9.55974	5.80923	5.21653	4.3227	7.80286	9.24459	8.99581	8.33928	6.26985	3.79287	0	3.81843	6.51693	
8.4791	5.25746	5.47083	6.31957	9.31838	11.7733	12.2161	12.0547	9.59918	6.69634	3.81843	0	3.85945	
5.69586	4.07248	6.6206	9.03269	12.3117	14.4671	14.3605	14.4718	12.7111	10.0323	6.51693	3.85945	0	

4ozf	
CYS	ILE	ALA	PHE	GLN	GLY	ALA	GLN	LYS	LEU	VAL	PHE	
0	3.85314	7.11883	9.60771	13.3976	16.4999	17.9583	14.9539	14.214	11.0314	9.94152	7.70809	
3.85314	0	3.84984	6.06231	9.85498	12.9576	14.1642	11.1506	10.7552	8.02515	7.34207	6.58414	
7.11883	3.84984	0	3.85034	7.00609	10.6156	11.8209	9.44684	10.4112	8.91294	8.941	9.53055	
9.60771	6.06231	3.85034	0	3.84247	7.01909	8.73172	6.73813	7.8891	7.07676	8.70386	10.4109	
13.3976	9.85498	7.00609	3.84247	0	3.83795	5.88097	5.68465	8.30616	9.1274	11.3116	13.7218	
16.4999	12.9576	10.6156	7.01909	3.83795	0	3.83756	5.56035	8.04918	9.91411	12.8494	15.7687	
17.9583	14.1642	11.8209	8.73172	5.88097	3.83756	0	3.87372	7.1049	10.1091	12.4734	15.8858	
14.9539	11.1506	9.44684	6.73813	5.68465	5.56035	3.87372	0	3.84605	6.66179	8.63256	12.106	
14.214	10.7552	10.4112	7.8891	8.30616	8.04918	7.1049	3.84605	0	3.8004	6.27595	9.9037	
11.0314	8.02515	8.91294	7.07676	9.1274	9.91411	10.1091	6.66179	3.8004	0	3.85199	6.74797	
9.94152	7.34207	8.941	8.70386	11.3116	12.8494	12.4734	8.63256	6.27595	3.85199	0	3.79658	
7.70809	6.58414	9.53055	10.4109	13.7218	15.7687	15.8858	12.106	9.9037	6.74797	3.79658	0	

4ozf	
CYS	ALA	SER	SER	PHE	ARG	ALA	LEU	ALA	ALA	ASP	THR	GLN	TYR	PHE	
0	3.81339	7.14707	10.7507	14.0968	14.7833	14.2276	16.6844	18.0222	16.7795	15.0395	13.1179	9.34971	8.40728	5.64372	
3.81339	0	3.79717	7.108	10.673	11.5989	11.3733	13.8209	14.6513	13.364	11.3211	9.39663	5.70447	5.27536	4.17785	
7.14707	3.79717	0	3.81171	6.98231	8.30654	9.03491	12.0218	12.3087	11.7468	9.07345	7.86976	5.16993	5.45565	6.69511	
10.7507	7.108	3.81171	0	3.8774	5.46125	6.94216	9.65869	9.05363	8.81275	5.68531	5.51404	4.81189	6.60036	9.29435	
14.0968	10.673	6.98231	3.8774	0	3.80961	7.19403	10.0794	8.68146	9.79451	6.56291	7.79456	8.45356	9.90403	12.8336	
14.7833	11.5989	8.30654	5.46125	3.80961	0	3.85343	6.94453	6.40355	8.54851	6.69438	9.1721	9.62776	12.0431	14.53	
14.2276	11.3733	9.03491	6.94216	7.19403	3.85343	0	3.88441	5.51372	7.37706	7.17882	9.77287	9.66236	12.7658	14.6732	
16.6844	13.8209	12.0218	9.65869	10.0794	6.94453	3.88441	0	3.84124	5.6101	7.46698	10.5432	11.1303	14.7285	16.7147	
18.0222	14.6513	12.3087	9.05363	8.68146	6.40355	5.51372	3.84124	0	3.85575	5.23259	8.94161	10.7792	14.2183	16.9333	
16.7795	13.364	11.7468	8.81275	9.79451	8.54851	7.37706	5.6101	3.85575	0	3.87135	6.64455	8.70201	12.3039	14.9519	
15.0395	11.3211	9.07345	5.68531	6.56291	6.69438	7.17882	7.46698	5.23259	3.87135	0	3.80116	6.41349	9.52258	12.6852	
13.1179	9.39663	7.86976	5.51404	7.79456	9.1721	9.77287	10.5432	8.94161	6.64455	3.80116	0	3.8049	6.31435	9.66905	
9.34971	5.70447	5.16993	4.81189	8.45356	9.62776	9.66236	11.1303	10.7792	8.70201	6.41349	3.8049	0	3.79389	6.33885	
8.40728	5.27536	5.45565	6.60036	9.90403	12.0431	12.7658	14.7285	14.2183	12.3039	9.52258	6.31435	3.79389	0	3.81044	
5.64372	4.17785	6.69511	9.29435	12.8336	14.53	14.6732	16.7147	16.9333	14.9519	12.6852	9.66905	6.33885	3.81044	0	

1ymm	
CYS	ALA	THR	ASP	THR	THR	SER	GLY	THR	TYR	LYS	TYR	ILE	PHE	
0	3.80666	6.79929	10.4979	12.9439	15.9499	19.4046	18.1441	17.763	15.4501	13.3951	9.58935	8.42648	5.32987	
3.80666	0	3.78911	7.1011	9.88221	13.0593	16.2594	14.6789	14.0304	11.717	9.59627	5.80035	5.30143	3.72154	
6.79929	3.78911	0	3.78809	6.33677	9.3148	12.6441	11.4593	11.4084	9.51764	8.1127	5.02706	5.68124	6.28842	
10.4979	7.1011	3.78809	0	3.77824	6.4058	9.28063	7.94561	7.8255	6.19725	5.75065	4.52872	6.80706	9.04209	
12.9439	9.88221	6.33677	3.77824	0	3.8228	6.73187	5.76007	7.38388	7.65197	7.41095	7.3088	8.47002	11.0779	
15.9499	13.0593	9.3148	6.4058	3.8228	0	3.78077	5.13599	7.76666	8.59925	9.86614	10.4865	12.2056	14.7256	
19.4046	16.2594	12.6441	9.28063	6.73187	3.78077	0	3.76208	6.95186	9.0684	10.9687	12.7069	14.6431	17.6385	
18.1441	14.6789	11.4593	7.94561	5.76007	5.13599	3.76208	0	3.78524	6.68947	7.90854	10.2459	12.1064	15.509	
17.763	14.0304	11.4084	7.8255	7.38388	7.76666	6.95186	3.78524	0	3.792	5.45403	8.73162	11.2629	14.8117	
15.4501	11.717	9.51764	6.19725	7.65197	8.59925	9.0684	6.68947	3.792	0	3.82356	6.55917	9.9586	13.0568	
13.3951	9.59627	8.1127	5.75065	7.41095	9.86614	10.9687	7.90854	5.45403	3.82356	0	3.81538	6.62652	10.0268	
9.58935	5.80035	5.02706	4.52872	7.3088	10.4865	12.7069	10.2459	8.73162	6.55917	3.81538	0	3.8085	6.52217	
8.42648	5.30143	5.68124	6.80706	8.47002	12.2056	14.6431	12.1064	11.2629	9.9586	6.62652	3.8085	0	3.81614	
5.32987	3.72154	6.28842	9.04209	11.0779	14.7256	17.6385	15.509	14.8117	13.0568	10.0268	6.52217	3.81614	0	

1ymm	
CYS	SER	ALA	ARG	ASP	LEU	THR	SER	GLY	ALA	ASN	ASN	GLU	GLN	PHE	PHE	
0	3.8069	6.92952	10.3288	13.1237	15.4102	18.2993	17.5069	19.5016	20.3291	18.6093	15.1379	13.3899	9.60381	8.14434	5.28271	
3.8069	0	3.80889	6.77655	9.60845	12.1688	14.7849	13.7569	15.8786	16.7106	14.9374	11.5159	9.60336	5.83007	4.98093	3.80402	
6.92952	3.80889	0	3.81716	6.32735	8.5168	11.4024	11.0192	13.0812	14.605	13.4381	9.97442	8.10016	5.04246	5.45424	6.61273	
10.3288	6.77655	3.81716	0	3.79554	5.82089	8.27923	7.44976	9.29859	10.8372	9.96823	6.56372	5.25074	3.95157	6.60534	9.10528	
13.1237	9.60845	6.32735	3.79554	0	3.76811	5.32338	5.43819	8.1643	10.5715	9.94635	7.58566	5.55326	5.95653	7.79234	11.0862	
15.4102	12.1688	8.5168	5.82089	3.76811	0	3.76716	5.81705	6.92423	10.19	10.932	8.79893	8.26525	9.11686	11.3407	14.316	
18.2993	14.7849	11.4024	8.27923	5.32338	3.76716	0	3.8142	5.2139	8.71691	9.63589	8.8487	8.38883	10.5491	12.8501	16.3233	
17.5069	13.7569	11.0192	7.44976	5.43819	5.81705	3.8142	0	3.79643	5.97256	5.94467	5.6244	5.44806	8.56497	11.3873	14.9615	
19.5016	15.8786	13.0812	9.29859	8.1643	6.92423	5.2139	3.79643	0	3.79059	6.16413	6.28661	8.0895	11.0652	14.3783	17.6569	
20.3291	16.7106	14.605	10.8372	10.5715	10.19	8.71691	5.97256	3.79059	0	3.78989	5.43254	8.33135	11.6028	15.1674	18.2494	
18.6093	14.9374	13.4381	9.96823	9.94635	10.932	9.63589	5.94467	6.16413	3.78989	0	3.78004	5.94621	9.42984	12.7568	15.8298	
15.1379	11.5159	9.97442	6.56372	7.58566	8.79893	8.8487	5.6244	6.28661	5.43254	3.78004	0	3.81346	6.43657	10.1417	12.9462	
13.3899	9.60336	8.10016	5.25074	5.55326	8.26525	8.38883	5.44806	8.0895	8.33135	5.94621	3.81346	0	3.81051	6.93822	10.2775	
9.60381	5.83007	5.04246	3.95157	5.95653	9.11686	10.5491	8.56497	11.0652	11.6028	9.42984	6.43657	3.81051	0	3.8187	6.68451	
8.14434	4.98093	5.45424	6.60534	7.79234	11.3407	12.8501	11.3873	14.3783	15.1674	12.7568	10.1417	6.93822	3.8187	0	3.83849	
5.28271	3.80402	6.61273	9.10528	11.0862	14.316	16.3233	14.9615	17.6569	18.2494	15.8298	12.9462	10.2775	6.68451	3.83849	0	

4x6d	
CYS	ALA	MET	SER	THR	SER	LEU	PRO	ASN	ALA	GLY	LYS	SER	THR	PHE	
0	3.7576	6.95601	10.6158	13.7798	16.8382	19.1029	20.3014	16.8829	18.3015	15.7039	13.5372	9.77506	8.32881	5.88164	
3.7576	0	3.82258	7.15045	10.5674	13.7353	15.73	16.7154	13.2098	14.5527	12.07	9.84007	6.08594	5.24664	4.31923	
6.95601	3.82258	0	3.80132	6.8484	10.0418	12.3707	13.5536	10.2593	12.3593	10.4408	8.51905	5.30778	5.24634	6.76608	
10.6158	7.15045	3.80132	0	3.81466	6.8334	8.70864	9.75622	6.52483	8.99049	7.56076	6.33804	4.8157	6.54943	9.38568	
13.7798	10.5674	6.8484	3.81466	0	3.81038	6.56802	7.79325	5.50092	9.02433	9.05822	8.36418	8.01858	9.23236	12.472	
16.8382	13.7353	10.0418	6.8334	3.81038	0	3.80005	6.03626	5.80351	9.53778	10.0105	10.6536	11.1088	12.8916	16.0632	
19.1029	15.73	12.3707	8.70864	6.56802	3.80005	0	2.98198	4.69366	7.59428	8.59846	10.3981	12.01	14.5567	17.8545	
20.3014	16.7154	13.5536	9.75622	7.79325	6.03626	2.98198	0	3.8202	5.68314	7.88995	9.68028	12.0857	14.692	18.209	
16.8829	13.2098	10.2593	6.52483	5.50092	5.80351	4.69366	3.8202	0	3.80232	5.27588	6.09119	8.31312	10.9196	14.4369	
18.3015	14.5527	12.3593	8.99049	9.02433	9.53778	7.59428	5.68314	3.80232	0	3.81011	5.29674	8.80779	11.7942	15.1238	
15.7039	12.07	10.4408	7.56076	9.05822	10.0105	8.59846	7.88995	5.27588	3.81011	0	3.80788	6.75839	10.3798	13.135	
13.5372	9.84007	8.51905	6.33804	8.36418	10.6536	10.3981	9.68028	6.09119	5.29674	3.80788	0	3.81104	6.98159	9.97617	
9.77506	6.08594	5.30778	4.8157	8.01858	11.1088	12.01	12.0857	8.31312	8.80779	6.75839	3.81104	0	3.78291	6.47626	
8.32881	5.24664	5.24634	6.54943	9.23236	12.8916	14.5567	14.692	10.9196	11.7942	10.3798	6.98159	3.78291	0	3.81492	
5.88164	4.31923	6.76608	9.38568	12.472	16.0632	17.8545	18.209	14.4369	15.1238	13.135	9.97617	6.47626	3.81492	0	

4x6d	
CYS	ALA	SER	ARG	TYR	PHE	LEU	PRO	THR	GLN	GLY	MET	GLY	ALA	PHE	PHE	
0	3.80095	7.10816	10.763	14.2548	16.0757	18.9149	17.8388	20.9704	20.2694	19.1857	16.4273	13.3891	9.84371	8.42366	5.76917	
3.80095	0	3.7642	7.11655	10.7725	12.7684	15.3442	14.1017	17.2263	16.5667	15.4391	12.7363	9.87186	6.22028	5.37515	4.32538	
7.10816	3.7642	0	3.79686	7.16547	9.4195	12.0365	10.9299	14.1743	14.0804	13.3392	11.0229	9.03333	5.5336	5.37444	6.7286	
10.763	7.11655	3.79686	0	3.82674	6.53355	8.50184	7.13879	10.4626	10.6901	9.99571	8.05498	7.15591	4.87853	6.24589	9.10293	
14.2548	10.7725	7.16547	3.82674	0	3.77611	5.34799	4.73162	8.17854	9.69134	9.59224	8.60533	9.31357	8.23171	9.72454	12.8379	
16.0757	12.7684	9.4195	6.53355	3.77611	0	3.74961	5.89258	9.3765	11.6593	10.8724	9.53355	11.0053	10.496	12.7252	15.4915	
18.9149	15.3442	12.0365	8.50184	5.34799	3.74961	0	3.8051	6.43473	9.31256	8.74813	8.53265	11.0952	11.6928	14.1319	17.3715	
17.8388	14.1017	10.9299	7.13879	4.73162	5.89258	3.8051	0	3.77364	5.81888	5.84721	6.4274	8.76793	9.58461	11.6748	15.2556	
20.9704	17.2263	14.1743	10.4626	8.17854	9.3765	6.43473	3.77364	0	3.78023	5.57673	8.10868	10.7991	12.2358	13.9662	17.7271	
20.2694	16.5667	14.0804	10.6901	9.69134	11.6593	9.31256	5.81888	3.78023	0	3.77195	7.06282	9.11809	10.9986	12.4527	16.1808	
19.1857	15.4391	13.3392	9.99571	9.59224	10.8724	8.74813	5.84721	5.57673	3.77195	0	3.77163	6.62158	9.42995	11.8692	15.3191	
16.4273	12.7363	11.0229	8.05498	8.60533	9.53355	8.53265	6.4274	8.10868	7.06282	3.77163	0	3.77049	6.82398	10.0678	13.0996	
13.3891	9.87186	9.03333	7.15591	9.31357	11.0053	11.0952	8.76793	10.7991	9.11809	6.62158	3.77049	0	3.7894	7.01419	9.63653	
9.84371	6.22028	5.5336	4.87853	8.23171	10.496	11.6928	9.58461	12.2358	10.9986	9.42995	6.82398	3.7894	0	3.80311	6.39426	
8.42366	5.37515	5.37444	6.24589	9.72454	12.7252	14.1319	11.6748	13.9662	12.4527	11.8692	10.0678	7.01419	3.80311	0	3.8121	
5.76917	4.32538	6.7286	9.10293	12.8379	15.4915	17.3715	15.2556	17.7271	16.1808	15.3191	13.0996	9.63653	6.39426	3.8121	0	

2gj6	
CYS	ALA	VAL	THR	THR	ASP	SER	TRP	GLY	LYS	LEU	GLN	PHE	
0	3.80828	6.86956	10.5529	14.0906	16.3051	17.8634	18.4873	15.7034	13.4141	9.93245	8.19831	5.78373	
3.80828	0	3.78094	7.03009	10.7337	12.6559	14.0999	14.6922	12.0145	9.92143	6.3144	5.43039	4.56735	
6.86956	3.78094	0	3.8309	7.22282	9.71674	11.924	12.6067	9.69254	8.59891	5.67127	5.21015	6.70975	
10.5529	7.03009	3.8309	0	3.78821	5.98919	8.44891	9.06282	6.28466	6.44147	4.81909	6.15437	9.06765	
14.0906	10.7337	7.22282	3.78821	0	3.79271	7.39987	8.11653	5.83731	7.94707	7.91591	9.32271	12.606	
16.3051	12.6559	9.71674	5.98919	3.79271	0	3.79079	5.39699	5.08922	8.1546	8.69124	11.2967	14.5382	
17.8634	14.0999	11.924	8.44891	7.39987	3.79079	0	3.81241	5.93514	8.6562	9.43307	12.8099	15.7711	
18.4873	14.6922	12.6067	9.06282	8.11653	5.39699	3.81241	0	3.81704	6.68322	8.93108	11.9944	15.2513	
15.7034	12.0145	9.69254	6.28466	5.83731	5.08922	5.93514	3.81704	0	3.80883	6.32246	8.68206	12.2257	
13.4141	9.92143	8.59891	6.44147	7.94707	8.1546	8.6562	6.68322	3.80883	0	3.79595	5.82856	9.09064	
9.93245	6.3144	5.67127	4.81909	7.91591	8.69124	9.43307	8.93108	6.32246	3.79595	0	3.8193	6.42612	
8.19831	5.43039	5.21015	6.15437	9.32271	11.2967	12.8099	11.9944	8.68206	5.82856	3.8193	0	3.77032	
5.78373	4.56735	6.70975	9.06765	12.606	14.5382	15.7711	15.2513	12.2257	9.09064	6.42612	3.77032	0	

2gj6	
CYS	ALA	SER	ARG	PRO	GLY	LEU	ALA	GLY	GLY	ARG	PRO	GLU	GLN	TYR	PHE	
0	3.81336	7.00038	10.5548	14.0093	15.4004	18.8593	18.462	19.7864	18.9613	17.9657	17.2075	14.2187	10.5477	8.72203	5.90443	
3.81336	0	3.76281	6.96299	10.6489	12.182	15.7164	15.3987	16.4952	15.6448	14.4239	13.4353	10.4742	6.79811	5.60324	4.22835	
7.00038	3.76281	0	3.742	7.0493	8.99985	12.3082	11.685	12.85	12.2908	11.6009	10.7429	8.52939	5.53885	5.49412	6.44443	
10.5548	6.96299	3.742	0	3.90195	5.99221	9.2703	8.93324	9.87786	9.63322	8.82237	7.33121	5.91278	4.24711	6.3844	8.88203	
14.0093	10.6489	7.0493	3.90195	0	3.82458	5.94689	5.06344	6.29523	7.14428	7.62756	6.39912	7.17415	7.42247	9.67832	12.5162	
15.4004	12.182	8.99985	5.99221	3.82458	0	3.75707	5.57646	8.06085	10.0699	10.5074	8.18557	9.33711	9.3884	12.2897	14.7708	
18.8593	15.7164	12.3082	9.2703	5.94689	3.75707	0	3.81185	6.69012	9.85212	11.2547	9.43058	11.7289	12.5976	15.4208	18.1468	
18.462	15.3987	11.685	8.93324	5.06344	5.57646	3.81185	0	3.81722	7.07192	9.4621	8.98312	11.3046	12.3714	14.5066	17.3711	
19.7864	16.4952	12.85	9.87786	6.29523	8.06085	6.69012	3.81722	0	3.81137	6.74739	7.39053	10.2914	12.3282	14.2693	17.5829	
18.9613	15.6448	12.2908	9.63322	7.14428	10.0699	9.85212	7.07192	3.81137	0	3.81083	6.30416	8.61436	11.0178	12.3348	15.8268	
17.9657	14.4239	11.6009	8.82237	7.62756	10.5074	11.2547	9.4621	6.74739	3.81083	0	3.8289	5.61136	8.72292	10.241	13.9782	
17.2075	13.4353	10.7429	7.33121	6.39912	8.18557	9.43058	8.98312	7.39053	6.30416	3.8289	0	3.84538	7.16069	9.95592	13.6292	
14.2187	10.4742	8.52939	5.91278	7.17415	9.33711	11.7289	11.3046	10.2914	8.61436	5.61136	3.84538	0	3.78187	6.4833	10.1097	
10.5477	6.79811	5.53885	4.24711	7.42247	9.3884	12.5976	12.3714	12.3282	11.0178	8.72292	7.16069	3.78187	0	3.79367	6.86881	
8.72203	5.60324	5.49412	6.3844	9.67832	12.2897	15.4208	14.5066	14.2693	12.3348	10.241	9.95592	6.4833	3.79367	0	3.78106	
5.90443	4.22835	6.44443	8.88203	12.5162	14.7708	18.1468	17.3711	17.5829	15.8268	13.9782	13.6292	10.1097	6.86881	3.78106	0	

3utt	
CYS	ALA	MET	ARG	GLY	ASP	SER	SER	TYR	LYS	LEU	ILE	PHE	
0	3.78541	6.89399	10.6474	14.0763	17.82	18.7977	17.0432	14.7923	13.5465	9.79614	8.09758	5.46197	
3.78541	0	3.79048	7.25482	10.8118	14.448	15.2314	13.298	11.0175	9.90839	6.17152	5.22275	4.22307	
6.89399	3.79048	0	3.81043	7.2047	10.9421	12.0645	10.7766	9.23395	8.72745	5.73788	5.3641	6.71241	
10.6474	7.25482	3.81043	0	3.79157	7.3404	8.26343	7.3501	6.75685	6.84273	5.54311	6.36871	9.24572	
14.0763	10.8118	7.2047	3.79157	0	3.79137	5.98319	6.52252	7.22899	8.67587	8.67067	10.0148	13.0363	
17.82	14.448	10.9421	7.3404	3.79137	0	3.81497	5.995	8.08674	10.1851	11.3639	13.1143	16.4255	
18.7977	15.2314	12.0645	8.26343	5.98319	3.81497	0	3.79864	7.28801	8.59801	10.8755	12.6167	16.2865	
17.0432	13.298	10.7766	7.3501	6.52252	5.995	3.79864	0	3.79808	5.29008	8.07515	10.5656	14.1235	
14.7923	11.0175	9.23395	6.75685	7.22899	8.08674	7.28801	3.79808	0	3.79443	5.73429	9.14293	12.1559	
13.5465	9.90839	8.72745	6.84273	8.67587	10.1851	8.59801	5.29008	3.79443	0	3.78653	6.5162	9.74705	
9.79614	6.17152	5.73788	5.54311	8.67067	11.3639	10.8755	8.07515	5.73429	3.78653	0	3.78962	6.43929	
8.09758	5.22275	5.3641	6.36871	10.0148	13.1143	12.6167	10.5656	9.14293	6.5162	3.78962	0	3.79591	
5.46197	4.22307	6.71241	9.24572	13.0363	16.4255	16.2865	14.1235	12.1559	9.74705	6.43929	3.79591	0	

3utt	
CYS	ALA	SER	SER	LEU	TRP	GLU	LYS	LEU	ALA	LYS	ASN	ILE	GLN	TYR	PHE	
0	3.77549	6.80372	10.4123	13.9994	16.6939	18.7664	16.1953	15.142	18.8829	18.8364	15.5796	13.7493	9.95578	8.43853	5.77336	
3.77549	0	3.76356	6.95086	10.6567	13.2986	15.1302	12.4402	11.4996	15.2484	15.1396	12.0223	10.0729	6.28546	5.29512	4.11059	
6.80372	3.76356	0	3.78887	7.34026	10.4568	12.3046	10.097	9.71131	13.4945	13.8384	11.3821	9.17808	5.90631	5.09343	6.29062	
10.4123	6.95086	3.78887	0	3.786	6.89959	8.51655	6.567	6.51022	10.1381	10.7991	9.02006	7.05117	5.19323	6.08456	8.83582	
13.9994	10.6567	7.34026	3.786	0	3.7854	5.57199	5.37972	5.82859	8.57945	10.1553	9.56169	8.36769	8.08944	9.49021	12.5606	
16.6939	13.2986	10.4568	6.89959	3.7854	0	3.81023	5.44091	4.72743	6.0635	8.81985	8.9294	9.21478	9.9947	12.3565	15.397	
18.7664	15.1302	12.3046	8.51655	5.57199	3.81023	0	3.80122	5.42666	5.28607	7.08825	8.6619	8.60979	10.5732	12.8303	16.3408	
16.1953	12.4402	10.097	6.567	5.37972	5.44091	3.80122	0	3.79654	5.29268	5.27514	5.93992	4.89933	7.14473	9.52998	13.0833	
15.142	11.4996	9.71131	6.51022	5.82859	4.72743	5.42666	3.79654	0	3.80875	5.25791	4.23751	5.26858	6.78244	10.0806	12.9946	
18.8829	15.2484	13.4945	10.1381	8.57945	6.0635	5.28607	5.29268	3.80875	0	3.80452	5.28081	7.53926	10.1279	13.4813	16.5056	
18.8364	15.1396	13.8384	10.7991	10.1553	8.81985	7.08825	5.27514	5.25791	3.80452	0	3.81204	5.65945	9.16793	12.3917	15.4511	
15.5796	12.0223	11.3821	9.02006	9.56169	8.9294	8.6619	5.93992	4.23751	5.28081	3.81204	0	3.80623	6.4046	10.0504	12.5707	
13.7493	10.0729	9.17808	7.05117	8.36769	9.21478	8.60979	4.89933	5.26858	7.53926	5.65945	3.80623	0	3.80114	6.81113	9.84954	
9.95578	6.28546	5.90631	5.19323	8.08944	9.9947	10.5732	7.14473	6.78244	10.1279	9.16793	6.4046	3.80114	0	3.7881	6.40887	
8.43853	5.29512	5.09343	6.08456	9.49021	12.3565	12.8303	9.52998	10.0806	13.4813	12.3917	10.0504	6.81113	3.7881	0	3.79717	
5.77336	4.11059	6.29062	8.83582	12.5606	15.397	16.3408	13.0833	12.9946	16.5056	15.4511	12.5707	9.84954	6.40887	3.79717	0	

2p5w	
CYS	ALA	VAL	ARG	PRO	LEU	LEU	ASP	GLY	THR	TYR	ILE	PRO	THR	PHE	
0	3.80676	7.02048	10.5616	13.8294	16.5481	19.37	19.24	20.7244	18.6472	15.868	13.7465	9.91883	8.44046	5.89206	
3.80676	0	3.84214	6.98526	10.361	13.3407	16.0099	15.6874	16.9802	14.8576	12.0743	10.0143	6.19124	5.33243	4.29226	
7.02048	3.84214	0	3.83771	6.84214	9.59409	12.381	12.5164	14.0591	12.5875	9.80134	8.69135	5.46307	5.45558	6.78895	
10.5616	6.98526	3.83771	0	3.86029	6.76056	9.43361	9.56537	10.5258	9.27532	6.22568	6.24953	4.5356	6.58682	9.22143	
13.8294	10.361	6.84214	3.86029	0	3.75813	5.68621	6.05573	7.72405	7.60576	5.77049	7.01559	7.0819	8.59496	11.8988	
16.5481	13.3407	9.59409	6.76056	3.75813	0	3.77032	6.47877	7.8695	9.35768	7.83576	10.2463	10.6199	12.273	15.4085	
19.37	16.0099	12.381	9.43361	5.68621	3.77032	0	3.85986	5.76454	8.34244	8.48685	11.0011	12.3657	13.8033	17.3172	
19.24	15.6874	12.5164	9.56537	6.05573	6.47877	3.85986	0	3.84341	5.60272	7.1934	8.96015	11.0817	12.3333	16.0727	
20.7244	16.9802	14.0591	10.5258	7.72405	7.8695	5.76454	3.84341	0	3.82698	5.93856	8.69401	11.6431	13.845	17.5255	
18.6472	14.8576	12.5875	9.27532	7.60576	9.35768	8.34244	5.60272	3.82698	0	3.86871	5.44001	8.94616	11.2924	14.8553	
15.868	12.0743	9.80134	6.22568	5.77049	7.83576	8.48685	7.1934	5.93856	3.86871	0	3.86028	6.49967	9.67103	12.9389	
13.7465	10.0143	8.69135	6.24953	7.01559	10.2463	11.0011	8.96015	8.69401	5.44001	3.86028	0	3.8297	6.67999	9.84097	
9.91883	6.19124	5.46307	4.5356	7.0819	10.6199	12.3657	11.0817	11.6431	8.94616	6.49967	3.8297	0	3.83067	6.5089	
8.44046	5.33243	5.45558	6.58682	8.59496	12.273	13.8033	12.3333	13.845	11.2924	9.67103	6.67999	3.83067	0	3.77016	
5.89206	4.29226	6.78895	9.22143	11.8988	15.4085	17.3172	16.0727	17.5255	14.8553	12.9389	9.84097	6.5089	3.77016	0	

2p5w	
CYS	ALA	SER	SER	TYR	LEU	GLY	ASN	THR	GLY	GLU	LEU	PHE	PHE	
0	3.80382	6.89449	10.6349	14.1453	15.8629	18.7398	19.6715	18.3981	15.2822	13.5886	9.96415	8.33467	5.89859	
3.80382	0	3.83827	7.18719	10.8494	12.6528	15.2669	16.0424	14.6133	11.5237	9.81567	6.22803	5.22716	4.32502	
6.89449	3.83827	0	3.8281	7.26799	9.42651	12.0294	12.9429	12.2336	9.16867	8.23133	5.62561	5.22362	6.78513	
10.6349	7.18719	3.8281	0	3.74302	6.36621	8.37522	9.12219	8.67811	5.78145	5.70202	4.97694	6.14731	9.21064	
14.1453	10.8494	7.26799	3.74302	0	3.82004	5.1678	6.38456	7.44327	5.28717	7.05605	8.03833	9.54338	12.8761	
15.8629	12.6528	9.42651	6.36621	3.82004	0	3.78888	7.03718	8.25425	5.70101	8.87063	9.93521	12.3201	15.3191	
18.7398	15.2669	12.0294	8.37522	5.1678	3.78888	0	3.83842	6.10769	5.5047	8.944	11.2747	13.7282	17.1937	
19.6715	16.0424	12.9429	9.12219	6.38456	7.03718	3.83842	0	3.90478	5.72156	8.03946	11.1825	13.2505	17.0275	
18.3981	14.6133	12.2336	8.67811	7.44327	8.25425	6.10769	3.90478	0	3.85835	5.25563	8.88063	11.438	15.0672	
15.2822	11.5237	9.16867	5.78145	5.28717	5.70101	5.5047	5.72156	3.85835	0	3.81148	6.34937	9.46124	12.7978	
13.5886	9.81567	8.23133	5.70202	7.05605	8.87063	8.944	8.03946	5.25563	3.81148	0	3.74655	6.51706	9.91905	
9.96415	6.22803	5.62561	4.97694	8.03833	9.93521	11.2747	11.1825	8.88063	6.34937	3.74655	0	3.83944	6.57474	
8.33467	5.22716	5.22362	6.14731	9.54338	12.3201	13.7282	13.2505	11.438	9.46124	6.51706	3.83944	0	3.87796	
5.89859	4.32502	6.78513	9.21064	12.8761	15.3191	17.1937	17.0275	15.0672	12.7978	9.91905	6.57474	3.87796	0	

3uts	
CYS	ALA	MET	ARG	GLY	ASP	SER	SER	TYR	LYS	LEU	ILE	PHE	
0	3.76545	6.97866	10.6932	14.1916	17.2616	18.6224	17.0394	14.9821	13.3851	9.62676	8.25344	5.59772	
3.76545	0	3.73873	7.18789	10.8555	13.8259	14.9633	13.2755	11.3096	9.74026	6.01338	5.25925	4.28862	
6.97866	3.73873	0	3.77776	7.22549	10.3699	11.792	10.7649	9.5107	8.48759	5.47007	5.4432	6.79995	
10.6932	7.18789	3.77776	0	3.78074	6.92133	8.03084	7.39784	7.10631	6.59018	5.2912	6.37725	9.27356	
14.1916	10.8555	7.22549	3.78074	0	3.81779	5.53256	6.73144	7.96725	8.50328	8.58493	9.78881	12.9342	
17.2616	13.8259	10.3699	6.92133	3.81779	0	3.80721	5.96829	7.70378	9.65246	10.7687	12.8327	16.0682	
18.6224	14.9633	11.792	8.03084	5.53256	3.80721	0	3.7689	7.08512	8.41968	10.6489	12.617	16.2692	
17.0394	13.2755	10.7649	7.39784	6.73144	5.96829	3.7689	0	3.75807	5.14661	8.06366	10.6693	14.2239	
14.9821	11.3096	9.5107	7.10631	7.96725	7.70378	7.08512	3.75807	0	3.78658	6.1159	9.60735	12.5743	
13.3851	9.74026	8.48759	6.59018	8.50328	9.65246	8.41968	5.14661	3.78658	0	3.75948	6.61415	9.82613	
9.62676	6.01338	5.47007	5.2912	8.58493	10.7687	10.6489	8.06366	6.1159	3.75948	0	3.79847	6.46343	
8.25344	5.25925	5.4432	6.37725	9.78881	12.8327	12.617	10.6693	9.60735	6.61415	3.79847	0	3.84133	
5.59772	4.28862	6.79995	9.27356	12.9342	16.0682	16.2692	14.2239	12.5743	9.82613	6.46343	3.84133	0	

3uts	
CYS	ALA	SER	SER	LEU	TRP	GLU	LYS	LEU	ALA	LYS	ASN	ILE	GLN	TYR	PHE	
0	3.75647	7.00545	10.4554	14.1186	16.8376	18.8275	16.0048	14.8347	18.5389	18.2892	15.0163	13.3789	9.62585	8.34637	5.81537	
3.75647	0	3.7486	6.83956	10.5972	13.3961	15.1489	12.278	11.3718	15.1298	14.883	11.8745	9.96025	6.17551	5.19784	4.28424	
7.00545	3.7486	0	3.77129	7.30007	10.4702	12.393	10.0544	9.67802	13.4422	13.7696	11.445	9.37555	6.11278	5.50274	6.86613	
10.4554	6.83956	3.77129	0	3.82103	7.01079	8.6252	6.45411	6.53516	10.1314	10.713	9.12301	7.16277	5.27592	6.19584	8.99933	
14.1186	10.5972	7.30007	3.82103	0	3.77857	5.63595	5.19823	5.96994	8.61712	10.1401	9.7835	8.5257	8.2099	9.61127	12.7348	
16.8376	13.3961	10.4702	7.01079	3.77857	0	3.85735	5.39712	5.15878	6.27877	8.97347	9.39663	9.50131	10.2867	12.5782	15.6139	
18.8275	15.1489	12.393	8.6252	5.63595	3.85735	0	3.79761	5.71879	5.51519	7.28487	9.09966	8.84924	10.7678	12.9768	16.432	
16.0048	12.278	10.0544	6.45411	5.19823	5.39712	3.79761	0	3.84167	5.42699	5.50074	6.37021	5.16939	7.23001	9.55591	12.9992	
14.8347	11.3718	9.67802	6.53516	5.96994	5.15878	5.71879	3.84167	0	3.79691	5.02416	4.26537	5.13349	6.75453	10.044	12.7774	
18.5389	15.1298	13.4422	10.1314	8.61712	6.27877	5.51519	5.42699	3.79691	0	3.75172	5.44873	7.51207	10.1596	13.4925	16.2918	
18.2892	14.883	13.7696	10.713	10.1401	8.97347	7.28487	5.50074	5.02416	3.75172	0	3.81492	5.5218	9.05964	12.2916	15.0404	
15.0163	11.8745	11.445	9.12301	9.7835	9.39663	9.09966	6.37021	4.26537	5.44873	3.81492	0	3.75543	6.41898	10.0444	12.1762	
13.3789	9.96025	9.37555	7.16277	8.5257	9.50131	8.84924	5.16939	5.13349	7.51207	5.5218	3.75543	0	3.81006	6.8619	9.58011	
9.62585	6.17551	6.11278	5.27592	8.2099	10.2867	10.7678	7.23001	6.75453	10.1596	9.05964	6.41898	3.81006	0	3.74562	6.15185	
8.34637	5.19784	5.50274	6.19584	9.61127	12.5782	12.9768	9.55591	10.044	13.4925	12.2916	10.0444	6.8619	3.74562	0	3.77353	
5.81537	4.28424	6.86613	8.99933	12.7348	15.6139	16.432	12.9992	12.7774	16.2918	15.0404	12.1762	9.58011	6.15185	3.77353	0	

3kxf	
CYS	ALA	LEU	SER	GLY	PHE	TYR	ASN	THR	ASP	LYS	LEU	ILE	PHE	
0	3.82154	7.19019	10.54	14.1721	16.3965	18.9769	19.8989	20.0507	16.5504	14.2465	10.8062	8.90577	6.19431	
3.82154	0	3.83309	6.87456	10.6088	13.0109	15.3415	16.2131	16.2388	12.7304	10.508	7.0934	5.61191	4.25992	
7.19019	3.83309	0	3.80143	7.26469	10.1636	12.5709	14.0243	13.7456	10.0065	8.49446	5.92556	5.13649	6.36053	
10.54	6.87456	3.80143	0	3.78593	6.67244	8.78238	10.3261	10.2459	6.59928	6.13254	4.42199	6.0439	8.65361	
14.1721	10.6088	7.26469	3.78593	0	3.79353	5.78428	8.33468	8.29196	5.07861	6.86241	7.02004	9.24962	12.3043	
16.3965	13.0109	10.1636	6.67244	3.79353	0	3.79445	6.98902	8.49522	6.69481	9.33533	9.37093	12.3134	15.0784	
18.9769	15.3415	12.5709	8.78238	5.78428	3.79445	0	3.78912	5.40311	5.33881	8.80031	10.0827	13.3751	16.5594	
19.8989	16.2131	14.0243	10.3261	8.33468	6.98902	3.78912	0	3.80976	5.59537	8.35026	9.96769	13.5561	16.6694	
20.0507	16.2388	13.7456	10.2459	8.29196	8.49522	5.40311	3.80976	0	3.82375	6.61136	9.52189	12.5048	16.0383	
16.5504	12.7304	10.0065	6.59928	5.07861	6.69481	5.33881	5.59537	3.82375	0	3.80955	6.44101	9.19361	12.8107	
