6566 8833 8900 8800 8866 8533 8466 9333 9733 9700 9733 9966 10000 10100 9466 10133 9433 9466 9800 8733 8900 9400 9566 9866 9866 9600 9533 10100 9700 9133 10000 9000 9533 9600 9333 10033 9566 9433 9333 9200 9300 9500 9900 9600 9900 9966 9566 9433 9533 9500 9533 9300 9233 10166 9533 9500 8533 8633 9500 8133 10033 9433 9466 9466 9733 9566 9633 8633 9600 9766 9733 8666 8733 9366 9700 10166 10100 10133 9833 9333 8766 9033 8300 8766 8666 9100 8300 9166 8700 9200 9333 8800 8566 10366 9600 9166 8666 10000 8866 8700 9200 9166 8933 9000 9166 8466 9033 8766 8900 8700 8700 8566 9533 9200 8333 9333 9300 9433 8600 8366 8266 8733 9566 9200 9366 9500 8633 9100 9666 9400 9433 9033 9333 9566 9766 9400 9366 9566 9300 9700 9300 9366 9133 10100 10100 8766 8800 9100 8566 9433 9300 8500 8600 8666 9233 9266 9066 9433 9400 9033 9366 9200 9466 9400 9533 8700 9400 10233 9300 9200 9600 10000 8900 10233 9266 9600 9566 9066 9166 8733 8966 9466 9666 9266 9433 9400 9366 8733 9566 9200 9433 9600 9500 8933 9366 9066 9700 9800 9166 9033 9933 8633 9766 9600 9700 8900 9700 8633 9533 9533 9400 9600 9666 9666 8833 9333 8800 8500 8900 8833 8933 8600 8766 8933 8666 8733 8566 9166 8566 8833 8833 9000 8566 8400 9266 9466 8666 8466 9033 8733 8200 8566 8800 8433 8733 8766 8066 7866 8766 8733 8733 9266 9133 8366 8600 9366 7800 9500 8833 9366 8333 8433 8533
8833 6769 9000 7923 7000 7807 7615 8807 9500 9461 9653 9461 9500 9269 8884 9115 8730 8730 8423 8692 8653 8538 8961 8692 9230 9384 8884 9461 8692 9038 9307 9038 9153 9423 9307 9884 9384 9769 9615 9307 9384 9538 9461 9307 9000 9461 9384 9384 9038 9500 8884 8961 9038 9346 8846 9038 9076 9038 9923 9000 9230 9115 9153 9153 9576 9384 8576 8807 9307 9192 9192 8576 8730 8500 8846 9230 9230 9038 9230 9461 8692 8730 8769 8461 7961 9000 8692 8576 7461 9500 9000 8500 9000 9653 9038 8692 8961 8884 7423 7230 8653 8730 8846 8730 8384 7653 8307 8923 8730 7807 8730 9192 8692 8500 8153 9230 8346 8653 9269 8538 8615 8846 9076 8653 8576 9192 8538 8961 8884 8576 8538 8076 8230 9000 9269 9269 9538 9115 8461 8961 8807 9076 8846 9500 10076 9076 8615 8653 8000 8500 8807 8346 8500 8576 9346 9000 8692 9153 9153 8923 9269 9230 9230 8884 9384 7961 9115 9769 9346 9538 10115 9538 9115 9538 8230 9076 9038 8653 8807 7961 8038 8769 9038 8923 8884 8807 8846 8692 8423 8384 8653 8461 8807 8346 8192 7807 9269 8730 7846 7769 9192 9192 8846 8846 9000 8576 9115 8730 8769 9076 8500 8653 9769 9730 8500 8423 8576 8615 8538 8576 8615 7807 8000 9076 7923 8307 8076 9153 8538 8692 9269 8384 8576 8461 8461 8769 7538 8038 8038 8384 8269 8423 8230 8346 8576 8384 8500 8269 8846 8884 9038 9230 9192 8461 8576 9461 8461 9653 9153 9807 8153 8269 8230
8900 9000 6785 8321 9000 8571 8607 9000 9714 9607 9392 9821 9785 9964 9392 9428 9000 8857 9678 9250 9214 9285 9321 9250 9142 9357 9464 9857 9357 9107 9214 8250 8107 9642 9392 10000 9535 9000 9071 8857 9000 9392 9678 9428 9178 9642 9250 9214 9250 9607 9285 8464 9464 10035 9178 9000 9071 9142 9892 8928 9785 9250 9250 9285 9500 9321 9178 8785 8178 9785 9714 9500 9035 9000 9357 9821 9750 9785 9750 9178 9392 9000 8785 9678 9071 8821 8821 9607 8750 9250 9035 9214 8142 10142 9357 9250 9464 9785 9142 8892 8892 9214 9428 8642 8964 8857 8357 8928 9035 8892 9071 8392 8964 9392 9000 9357 9035 9357 8250 8678 8642 8678 9464 9107 9035 9071 8821 9214 8964 9000 8571 8000 8285 8785 8714 8642 9464 9321 9071 9285 8964 9000 9107 9285 9464 8607 8821 9285 9107 8964 9178 9178 9214 9464 9071 8892 9464 9392 9142 9000 9142 9000 9107 8928 8500 9035 9000 9357 9035 9607 9571 9357 9678 9785 9714 8464 8428 9321 9500 9214 8464 8642 9000 8321 8285 8285 8571 8178 9321 9000 9178 9357 9178 8892 9571 9107 9464 9607 9214 9250 9071 9321 9250 9607 9857 9285 9750 9250 8678 8821 9428 9821 9214 9178 8678 9071 8285 9178 9071 9142 9214 9392 9428 9285 9214 9357 9178 9321 8428 8714 8535 8821 9000 9071 9285 9500 8892 8321 8535 8642 9107 9142 8821 8964 8500 9392 8642 8750 8857 8678 8571 9178 9392 9035 9285 9071 8821 9500 8785 9428 8464 8571 8357
8800 7923 8321 6821 7892 7964 8142 8964 9857 9892 9928 10000 9964 9714 9285 9357 8821 9035 9428 8821 8785 8714 9250 9607 8785 9392 8857 9714 8892 8821 9142 9321 8785 9785 9678 10142 9821 9785 9750 9428 9428 9607 9857 9678 9821 10000 9250 9250 9214 9785 9392 9107 9178 9785 9285 9392 8892 8857 9750 8785 9678 9357 9357 9392 9642 9464 8821 8821 8857 9642 9678 8678 8821 9214 9142 9250 9214 9250 9571 9464 8714 9321 8821 8607 7928 8571 8821 9250 8428 9357 9178 8571 8428 9857 8928 8785 9000 9571 8464 7857 9035 8714 8892 8678 8535 7964 8750 8928 8821 8214 9000 9357 9392 8785 8321 9571 8785 8892 9071 8964 8678 8750 8785 9214 9142 9321 8857 9107 8642 8428 8714 8285 8178 8785 8500 8964 9035 9000 8392 8964 9000 9142 9035 9642 9571 8678 8750 8642 8178 9178 9178 8571 8535 8964 9357 9178 8928 9071 8928 8714 9107 9071 9071 8464 8928 7892 9000 9750 9321 9678 9750 9392 9285 9964 8642 9214 9178 9250 8964 8321 8642 8714 8642 9071 9035 8964 9035 8714 9071 9000 9285 9107 9250 8928 8714 8321 9714 9357 8535 8642 9750 8928 9035 9428 9428 9035 9642 9071 9535 9535 9178 9321 9607 9571 8500 8821 8928 8750 8571 8642 8750 8464 8642 8857 8285 8214 8000 9250 8607 8750 9321 8714 8928 8714 8642 9071 8000 8392 8392 9035 8571 8714 8750 8964 8857 8857 9000 8571 8964 9107 9321 8821 9071 8607 8714 9178 8607 9571 9035 9678 8035 8571 8428
8866 7000 9000 7892 6769 7615 7730 8769 9423 9423 9615 9576 9538 9230 8653 9076 8692 8692 8500 8769 8730 8538 9192 8923 9423 9346 8846 9230 8730 8961 9230 9000 9076 9346 9230 9846 9346 9692 9576 9230 9307 9346 9423 9269 8961 9576 9192 9192 8846 9538 8923 8884 8923 9307 9076 9269 9038 8846 9846 9038 9192 9076 8961 8961 9653 9461 8500 8730 9153 9153 9153 8576 8923 8730 9038 9038 9076 8961 9269 9346 8653 8692 8923 8500 7884 8923 8807 8538 7692 9307 9192 8461 8923 9653 9076 8730 9038 8961 7500 7307 8730 8692 8923 8807 8423 7884 8500 9115 8923 8000 8923 9423 8923 8730 8384 9461 8576 8653 9500 8769 8769 9076 9076 8884 8807 9192 8730 9076 8807 8500 8461 8000 8153 9000 9076 9192 9461 9076 8423 8807 8923 9153 8769 9423 9846 8846 8653 8692 8038 8538 8846 8307 8461 8807 9230 9076 8769 9230 9076 8730 9076 9230 9269 8846 9153 7884 9076 9692 9384 9461 10269 9307 9153 9500 8192 8961 8923 8884 9038 8192 8269 8730 8961 8769 8769 8730 8730 8461 8384 8153 8615 8423 8769 8115 8153 7615 9038 8692 7807 7846 9230 9230 8769 8807 8961 8384 8884 8692 8692 9000 8461 8615 9538 9500 8423 8461 8807 8730 8307 8807 8846 8000 8192 9038 7846 8076 7846 9192 8500 8653 9230 8384 8653 8653 8692 9000 7769 8269 8269 8615 8500 8538 8423 8576 8807 8615 8730 8500 9076 9115 9269 9461 9307 8576 8692 9615 8423 9500 9230 9653 8000 8307 8346
8533 7807 8571 7964 7615 6923 7153 8769 9576 9500 9269 9884 9846 9346 8961 9115 8884 9038 9076 8384 8346 8384 9461 9230 9384 9269 8961 9230 8769 8807 9653 8961 8923 9500 9423 9461 9423 9230 9076 8730 8846 9346 9538 9423 9538 9884 8961 8961 9038 9500 9230 8884 9000 9423 9192 9153 9038 9115 9538 8923 9346 9230 9076 9076 9807 9615 8961 8884 9000 9269 9230 8807 9076 8846 9153 9000 8923 9038 9230 9500 8884 8653 8576 8538 8038 8884 8423 8923 8153 9346 9423 8692 8807 9576 9192 9115 9038 9307 8269 8038 9000 9038 8615 8576 8538 7807 8846 9269 9076 8307 9038 9115 9038 8961 8730 9730 8923 9038 9192 8923 8423 9000 9076 8730 8615 9423 9000 9192 9038 8576 8692 8230 8461 9346 9115 9076 9692 9153 8846 8653 9269 8961 8615 9269 10269 9000 8961 9000 8307 8769 8807 8692 8692 9000 9384 9000 8923 9307 9153 9000 9115 9230 9153 9230 9423 8038 9153 9923 9384 9346 10192 9423 9384 9730 8423 8730 8692 9076 9038 8615 8192 8576 9076 8576 8538 8423 8538 8269 8653 8692 8884 8692 8884 8576 8230 7961 9461 9076 8192 8307 9423 9038 9115 9115 9115 8653 9269 8884 9153 9153 8769 8923 9346 9384 8884 8346 9115 8846 8807 8730 9115 8538 8730 9230 8346 8576 8346 9615 8692 8846 9076 8115 8769 8807 8923 9076 8000 8423 8423 9115 8538 8730 8807 8884 9115 8576 8769 8307 9230 9192 9230 9192 9000 8692 8807 9730 8230 9653 9230 9307 7807 8307 8461
8466 7615 8607 8142 7730 7153 6884 8884 9653 9653 9423 9615 9692 9423 9076 9192 9000 9153 9000 8538 8500 8461 9346 9038 9423 9346 9038 9307 8615 8846 9692 9038 9115 9576 9576 9461 9576 9384 9230 8884 9000 9423 9615 9576 9615 9615 9192 9192 9269 9346 9076 9038 8846 9500 9153 9115 9230 9230 9615 8961 9461 9307 9307 9307 9730 9538 9115 8923 9230 9346 9307 8653 9038 8692 8961 9192 9115 9038 9076 9423 8961 8576 8653 8538 8192 8923 8307 9038 7961 9461 9384 8769 8884 9576 9153 9153 8961 9230 8192 8000 8923 9076 8538 8500 8500 7769 8769 9230 9038 8269 9000 9038 8884 8884 8653 9500 8730 8846 9000 8730 8500 9038 9153 8576 8461 9230 8846 9076 9076 8615 8730 8269 8500 9307 9153 9115 9538 9230 8923 8846 9346 9038 8730 9384 10384 9076 8884 8846 8307 8615 8653 8769 8769 8807 9307 8923 8846 9230 9076 8923 9038 9153 9153 9269 9461 8153 9230 9961 9346 9500 10269 9538 9384 9769 8500 8961 8923 9000 8769 8538 8000 8615 9115 8807 8769 8653 8769 8384 8769 8807 9000 8807 9000 8692 8346 8192 9500 9153 8269 8230 9384 9000 9153 9192 9192 8884 9384 9038 9307 9230 8846 9000 9461 9500 9000 8192 8846 8884 8923 8500 9076 8461 8653 9307 8461 8730 8500 9500 8769 8923 9153 8269 8692 8769 8807 9000 7923 8230 8230 8923 8346 8692 8615 8807 8923 8500 8576 8115 9038 9000 9038 9230 9076 8730 8846 9653 8307 9884 9461 9538 8038 8230 8192
9333 8807 9000 8964 8769 8769 8884 6821 9642 9821 9607 9642 9642 9678 9178 9535 6928 7071 9392 8821 8821 9428 9607 9250 9464 9464 9250 10035 9607 9392 9357 9607 9500 9750 9142 9892 9928 9535 9107 9428 9250 9357 9500 9142 9571 9642 9428 9464 9357 9535 9464 9392 9642 9750 9821 9821 9392 9392 9428 9678 9535 9107 9178 9178 9964 9785 9107 9464 9571 9357 9285 8785 8964 9285 9678 9785 9785 9821 9678 9785 9321 9535 9142 9214 9178 8571 9035 8785 9178 9000 8464 9142 8964 9964 9142 8464 9178 9392 8785 8892 8250 8107 9071 9178 9142 8928 8928 9250 8964 9321 8928 9000 9250 9071 9035 9464 9071 9214 9392 9178 9000 9285 9500 9607 9500 9642 9250 8321 8928 8750 8285 8892 8607 9285 9571 9500 9464 9285 9285 9285 8321 8464 9357 9535 9857 9250 8678 9107 9250 9428 9428 9071 9142 9214 9678 9285 9285 9500 9642 9000 9607 9035 8821 8071 9178 9142 9250 9464 9178 8964 10000 9750 9750 10000 9642 9571 9535 8714 9428 9392 9285 9321 9357 9428 9392 9321 9357 9250 9392 9285 9392 9428 9464 9214 9464 9321 9750 9142 9464 9535 9821 9821 9107 9035 9250 9285 9142 9428 9428 9500 9321 9071 9428 9392 9071 9321 9464 9428 9035 9357 9142 8857 8857 9214 8785 9142 9071 9107 9000 8678 8750 9035 8928 9357 8750 8964 8892 8750 8750 9142 9035 8964 9142 9285 9214 9392 9142 8964 8857 8857 8750 9428 9321 9321 9178 9428 8892 9571 9500 9071 9071 8892 8857
9733 9500 9714 9857 9423 9576 9653 9642 6666 7041 7041 8291 8250 8166 9375 9958 9583 9708 9625 9916 9875 9625 8750 9583 9791 8958 8833 9791 9458 9458 8875 9291 9625 7000 7000 8041 7375 8458 7375 8000 8208 7541 6875 7333 9000 8208 8666 8500 8125 8041 8250 9166 9333 8208 9416 9500 9708 9833 9666 10083 8916 9500 9583 9583 9833 9791 9750 9666 9833 8541 8833 9958 10041 9666 8958 9000 8916 9041 10000 8875 10083 9666 9875 9583 9166 9666 9500 8500 8833 9375 9500 9958 10041 10125 8750 9708 10375 9583 9833 9833 9208 9666 10000 9208 9416 9875 9875 10250 10041 9666 9875 9791 9666 9583 10291 10500 9666 9875 10125 9500 9833 10208 10125 9583 9583 8708 9958 9833 8541 9291 8750 9041 9541 9083 8958 9750 10375 9083 9250 9250 9541 9666 9666 9916 10583 10166 9708 10041 10291 9750 9791 10000 9958 10000 8750 9708 9666 10041 9000 9250 8875 8958 8875 9750 9041 9125 9416 9125 10166 8875 10000 9208 9583 9416 9166 9666 9625 10041 9541 10125 9500 9250 9583 9625 9583 9500 9541 9583 8458 9041 8875 8666 8916 9208 9083 9000 9250 9333 9083 9166 9208 10166 9333 9333 8750 9291 9541 9500 9250 9291 9291 9625 9125 9291 9375 9208 9333 10375 9750 10458 9666 9500 9500 9333 9375 9500 9416 9291 9583 9291 9416 9375 9833 10208 8583 9041 9250 9333 9375 10083 10250 10208 9833 10375 10083 10375 10166 10125 9708 9583 9583 9125 9625 10333 10458 10333 9750 10458 10375 10291 9333 9541 9416
9700 9461 9607 9892 9423 9500 9653 9821 7041 6708 6916 8666 8625 8541 9750 9958 9791 9916 9708 9791 9750 9625 9125 9958 9791 8833 8666 9750 9500 9541 9250 9125 9583 7375 7375 8041 7041 8333 7250 7875 8083 7541 7250 7708 8833 8583 8500 8333 8500 7875 8625 9166 9375 8583 9458 9541 9916 9958 9333 10041 9291 9875 9958 9958 9958 9958 9416 9750 9791 8916 9083 9958 10208 9916 9000 9000 8916 9041 10000 9083 10166 9958 9750 9833 9500 9666 9458 8875 9208 9750 9875 10125 10000 10000 9083 9916 10250 9958 9708 9708 9583 9875 9958 9208 9791 9750 10083 10416 10208 9708 10208 10041 9916 9958 10458 10291 10041 9541 10041 9875 9708 10166 10083 9541 9541 9083 10333 10041 8916 9625 9125 9416 9916 9458 8625 9833 10458 8958 9500 9250 9916 9625 9666 9916 10750 10125 9791 10416 10333 9750 9791 10041 10166 10208 9000 9750 10041 10000 8666 8916 8625 9208 8875 9791 9250 9458 9375 9500 10083 8916 9958 9041 9625 9666 9541 9625 9583 10208 9500 10500 9458 9208 9583 9583 9541 9458 9500 9833 8833 9250 9250 9041 9291 9500 9458 9375 9625 9625 9458 9541 9583 10166 9541 9458 8833 9666 9916 9875 9083 9291 9541 9916 9000 9250 9750 9583 9708 10458 10083 10291 9916 9875 9875 9708 9750 9875 9791 9666 9958 9666 9708 9041 10083 10416 8958 9416 9625 9458 9500 10166 10541 10375 10041 10625 10250 10375 10083 10166 9958 9875 9875 9125 9583 10333 10458 10708 9958 10333 10375 10541 9541 9541 9583
9733 9653 9392 9928 9615 9269 9423 9607 7041 6916 6666 8666 8625 8541 9750 9958 9541 9666 9916 9541 9500 9583 9125 9958 9791 8583 8750 9750 9541 9583 9250 9208 9583 7375 7375 8041 7250 8083 7000 7625 7833 7583 7250 7708 9041 8583 8583 8416 8500 7958 8625 9208 9375 8583 9500 9583 9958 10000 9291 10083 9291 9875 9958 9958 10041 10041 9625 9750 9791 8916 9166 9958 10250 10000 8958 9041 8958 9083 10000 9125 10166 9708 9500 9833 9541 9708 9458 8875 9208 9750 9875 10166 9750 10083 9125 9958 10166 9958 9916 9916 9583 9916 10000 9250 9750 9500 9833 10458 10250 9750 10208 9791 10000 9958 10500 10500 10041 9750 10083 9875 9458 10166 10125 9541 9541 9083 10333 10000 8916 9666 9125 9416 9916 9458 8833 9791 10416 8708 9541 9291 9916 9625 9708 9875 10750 10125 9833 10375 10333 9958 9750 10083 10208 10208 9041 9666 10041 10041 8875 9125 8833 9250 8916 9833 9416 9500 9375 9500 10125 8750 9833 9125 9541 9666 9541 9625 9583 10083 9541 10500 9458 9208 9625 9583 9541 9458 9541 9583 8833 9333 9250 9041 9291 9541 9458 9375 9625 9708 9458 9541 9583 10208 9625 9541 9041 9666 9916 9875 9291 9291 9625 10000 8750 9000 9750 9583 9708 10458 10083 10375 9958 9875 9875 9708 9750 9875 9791 9666 9958 9666 9750 9250 10125 10416 8958 9416 9625 9500 9541 10375 10500 10250 10208 10666 10333 10166 10166 10125 9750 9750 9750 9166 9583 10333 10458 10708 10041 10250 10375 10291 9291 9583 9625
9966 9461 9821 10000 9576 9884 9615 9642 8291 8666 8666 6833 6916 9333 9291 9208 9583 9666 8916 9791 9791 9125 9750 9375 9500 10041 9708 9458 8875 9500 8500 9375 9583 8250 8458 9333 8625 7958 8833 8125 7916 9000 8250 8458 8875 7041 8000 7833 7458 8666 7250 9500 9041 9375 9291 9375 9750 9791 9791 10083 9750 9666 9666 9666 9708 9458 9458 9791 9791 9291 9291 9958 9750 9625 9541 10041 9958 10083 9541 9416 10166 9666 10041 9333 9875 9666 9416 9416 8625 9416 9416 10083 10166 10250 9250 9625 10166 9166 9458 9791 9083 9750 9916 9333 9291 10000 9791 10083 9833 9791 9750 10208 9625 9291 10041 9875 9500 9625 10125 9708 10000 10000 10125 9625 9625 9625 9833 9791 9416 9916 9083 9208 9500 9875 9750 9708 9916 10083 9083 9541 9500 9583 9458 9833 10291 10041 9666 9541 9958 9583 9375 10041 10041 9833 9291 9208 9250 9166 9666 9875 9625 9625 9333 9750 9958 9833 9041 9666 9541 9208 9458 8791 9166 9041 9333 9833 9791 10208 10000 9916 9416 9625 9541 9750 9750 9666 9708 9666 8750 9041 8958 8958 8958 9208 9375 9250 9208 9333 9208 9166 9500 9916 9500 9500 9541 9375 9416 9500 9291 9458 9083 9625 10041 10125 9416 9333 9000 10250 9541 10500 9416 9291 9291 9375 9458 9541 9333 8875 9708 9708 9458 9708 9791 10208 9083 9833 9125 9166 9291 9708 9666 9958 9583 10000 9958 10500 10125 9875 9750 9750 9625 10041 10333 10208 10125 10500 9875 10500 10291 10583 9875 9500 9083
10000 9500 9785 9964 9538 9846 9692 9642 8250 8625 8625 6916 6833 9333 9250 9166 9583 9666 8916 9791 9791 9041 9791 9416 9541 10000 9750 9458 8791 9541 8541 9333 9541 8208 8416 9291 8583 7916 8791 8083 7875 8958 8250 8416 8875 7125 7958 7791 7416 8583 7166 9458 8958 9375 9333 9416 9750 9750 9750 10125 9708 9625 9625 9625 9708 9458 9416 9750 9750 9291 9291 9958 9750 9666 9458 10000 9916 10041 9458 9375 10125 9625 10083 9375 9833 9708 9375 9416 8666 9375 9458 10041 10166 10250 9166 9583 10166 9166 9458 9791 9083 9708 9916 9375 9208 10041 9791 10083 9875 9791 9750 10166 9666 9333 10083 9916 9541 9583 10166 9750 10041 10041 10166 9666 9666 9583 9750 9833 9458 9958 9125 9250 9541 9916 9791 9750 9833 10041 9125 9500 9541 9541 9416 9791 10333 10083 9583 9458 9875 9500 9291 10000 10000 9875 9250 9208 9250 9166 9708 9916 9666 9583 9375 9708 9916 9791 9000 9708 9458 9208 9500 8750 9208 9041 9291 9791 9750 10250 10041 9958 9458 9625 9541 9708 9708 9625 9666 9625 8791 9000 9000 9000 9000 9166 9416 9208 9166 9291 9166 9166 9458 9833 9541 9541 9583 9333 9375 9458 9291 9458 9041 9583 10000 10083 9458 9250 9083 10291 9500 10583 9458 9333 9333 9416 9416 9500 9291 8791 9666 9666 9500 9666 9791 10166 9125 9875 9166 9208 9333 9791 9750 10041 9625 10041 10000 10541 10166 9916 9791 9791 9666 10083 10375 10250 10166 10541 9833 10541 10333 10583 9833 9500 9166
10100 9269 9964 9714 9230 9346 9423 9678 8166 8541 8541 9333 9333 6636 9636 10090 9590 9545 9727 10136 10090 8727 8954 9272 9863 8681 8000 9454 9272 9500 9272 9727 10090 8363 8363 8409 8772 9454 8772 9409 9409 8636 7818 8545 9454 9181 9272 9227 9136 8590 9272 9863 9363 6727 9727 9727 10000 9818 10363 10409 8818 9727 9818 9818 9590 9590 9909 9863 10090 7227 7545 10000 10363 9272 8136 8045 7954 8090 9909 8863 9954 9272 10000 9136 9318 9045 10045 8136 8772 10000 9818 9863 10500 9409 8454 9545 10590 9681 9772 9545 9454 9500 9863 9636 9545 9454 10045 10590 10363 9363 10454 10500 9363 9272 10363 10409 9818 9818 10818 9727 9909 10681 10272 9500 9500 8727 10227 10090 8363 9000 8954 9363 9863 9090 8363 9681 10272 8636 9227 8318 9772 9772 9454 9772 10590 10636 10045 10136 10136 9318 9590 10227 9818 10227 8727 9636 9818 10136 8363 8727 8454 9181 9136 9545 8863 9318 10136 9636 10590 9727 10590 9227 9590 10000 8954 9772 9772 10681 9090 9772 9681 9545 9500 9681 9636 9636 9545 9363 8818 9181 9090 8863 8909 9227 8727 8772 9454 9318 8954 9045 9272 10409 9636 9363 8136 9772 9954 9772 9318 9772 9590 9954 9363 9454 9772 9636 9681 10045 9863 10272 10136 9500 9500 9909 9409 10045 9772 9863 9636 9318 10136 9545 10045 9954 8500 8863 9181 9772 9545 10090 10363 10636 10045 10363 10181 10409 10590 10227 10136 10090 10090 9318 9636 9909 10045 10727 10090 10818 10772 10681 9500 10045 9909
9466 8884 9392 9285 8653 8961 9076 9178 9375 9750 9750 9291 9250 9636 6846 9730 9192 9269 9384 9307 9269 9538 9807 9230 9576 10230 9692 9923 9192 8961 9423 9115 9076 9346 9000 10192 9692 9461 9346 9346 9384 9500 9461 8923 9307 9346 9423 9269 8923 9307 9000 9038 8653 9653 9038 8846 8730 8384 9576 8961 9000 7384 7269 7346 8961 8769 9192 8576 8884 8884 9153 9423 8384 9230 9692 10192 10000 10269 9653 9769 9038 9307 8961 9000 8730 8807 8807 9423 9076 9307 8923 9000 9615 10500 9307 8884 9730 9500 9269 9192 8730 8846 10076 9576 8346 9384 9115 8692 8576 9346 8461 9692 9230 9269 9000 9423 9384 9692 9807 9269 9192 9192 9807 9115 9307 9615 8538 9307 9307 9461 8961 8846 9153 9692 9923 9846 9884 10153 9692 9576 9038 9192 9192 9769 10038 9153 9230 9115 9153 9192 9307 9307 8961 9500 9769 9000 9269 9769 9961 9500 9769 9653 9692 8846 9384 8576 9500 9500 9500 9230 10461 8884 9076 9115 8461 9153 9038 9692 9884 9423 9192 9346 9038 9192 9153 9153 9115 8807 8653 8192 8730 8769 8423 8192 8730 8423 8730 8538 8307 8346 8269 8653 8500 8538 8346 7846 8346 8653 8730 8807 8730 8846 9346 9538 8423 8769 8923 9038 8769 10038 9076 9076 9000 9000 9153 9038 8961 9000 8846 9153 9500 9384 9538 9038 9269 9192 8846 8692 9076 9192 9115 9269 9076 9230 9346 9807 9307 9192 9576 9461 9461 9884 9730 9038 8884 9346 9269 10000 9769 9884 9346 8807 8653
10133 9115 9428 9357 9076 9115 9192 9535 9958 9958 9958 9208 9166 10090 9730 6666 9500 9500 8291 9083 9083 8958 9708 9166 9208 9958 9333 8791 8666 9166 9291 9750 9416 9916 10083 10000 9916 9375 10083 9666 9583 10000 9916 10000 9583 9416 9416 9500 9458 10125 9500 9500 9583 10166 9541 9541 9833 9791 9750 9958 9666 10125 9958 9958 9458 9208 8833 9833 9500 9833 9833 9833 9625 9291 9500 9625 9666 9541 9041 9791 9625 9625 9958 9291 9500 9791 9458 9666 9083 9875 9750 9416 9708 9291 9541 9541 9791 8666 8833 9166 9541 9666 8500 9416 8958 9208 9291 9958 9625 9625 9625 10375 9250 9375 9666 9791 9583 9250 9750 10041 9833 9750 9708 9333 9250 9875 10125 9875 9208 9791 9458 9250 8583 10250 9708 9541 10208 9583 9500 9208 9791 9291 9166 9166 9500 9750 9708 9250 9750 9208 9208 9375 9416 9208 9666 9166 8750 8250 9750 9958 9750 9958 9666 9583 10125 9500 8166 10333 9416 9958 9666 9083 9500 8875 9250 9125 9083 9833 10000 9916 9250 8583 9541 8916 8916 8916 8958 9250 9458 9750 9625 9500 9666 9708 9375 9500 9875 9666 9458 9750 9708 10333 9916 9916 10083 9750 9916 9958 9541 9583 8958 9416 10458 10416 9958 7916 9833 9458 9291 10000 9750 9916 10083 9833 9791 9500 9458 10041 9541 9666 9625 8666 9708 9125 9708 9958 9458 9583 9208 9875 9875 10041 9583 10250 9750 10291 9666 9875 10250 10083 9958 10291 10250 9291 9291 10708 10208 10500 9791 10583 9625 9041 9666
9433 8730 9000 8821 8692 8884 9000 6928 9583 9791 9541 9583 9583 9590 9192 9500 6785 7000 9428 8928 8928 9428 9571 9321 9464 9464 9321 10142 9464 9392 9392 9642 9571 9750 9142 10000 9928 9464 9107 9428 9250 9357 9500 9142 9571 9642 9428 9464 9357 9535 9464 9464 9642 9750 9714 9892 9464 9392 9500 9607 9535 9178 9250 9250 9892 9714 9035 9464 9642 9357 9285 8892 8821 9357 9714 9785 9785 9821 9642 9785 9357 9535 9142 9321 9250 8571 9107 8785 9178 9071 8464 9178 8928 9964 9214 8321 9178 9428 8714 8821 8285 7964 9071 9178 9214 9035 9000 9107 8821 9392 9000 9035 9321 9071 8892 9464 9107 9250 9464 9178 9000 9142 9607 9678 9607 9750 9250 8428 9000 8750 8285 8892 8607 9321 9428 9500 9464 9250 9285 9285 8321 8535 9428 9607 9964 9107 8535 9178 9142 9464 9500 9107 9178 9285 9678 9321 9392 9357 9500 9107 9678 9035 8892 7928 9250 9214 9107 9464 9142 9035 10035 9750 9821 10071 9642 9642 9607 8785 9428 9250 9285 9392 9285 9500 9464 9428 9428 9250 9392 9285 9392 9428 9464 9214 9464 9321 9785 9142 9464 9535 9892 9821 9107 9035 9321 9357 9250 9428 9500 9571 9392 9107 9500 9464 9107 9392 9500 9428 9107 9321 9250 8892 8892 9250 8821 9214 9142 9107 8964 8678 8821 9071 8964 9357 8821 9000 8964 8750 8750 9142 9142 9000 9178 9392 9071 9464 9071 9071 8821 8821 8821 9428 9428 9321 9178 9535 9000 9428 9357 9178 8928 8964 8857
9466 8730 8857 9035 8692 9038 9153 7071 9708 9916 9666 9666 9666 9545 9269 9500 7000 6785 9464 9000 9000 9535 9678 9321 9571 9571 9392 10142 9678 9464 9428 9678 9642 9821 9250 9928 10000 9250 9214 9535 9357 9464 9607 9250 9642 9714 9535 9571 9464 9607 9571 9500 9714 9714 9892 9892 9392 9285 9535 9392 9464 9250 9321 9321 9678 9500 8821 9392 9714 9321 9250 9035 9035 9357 9714 9750 9750 9785 9607 9785 9357 9535 9250 9392 9178 8500 9142 8714 9214 9107 8571 9178 8892 9928 9285 8535 9107 9464 8714 8821 8285 8178 9142 9285 9250 9178 9035 9321 9035 9428 9035 9035 9321 9178 9107 9571 9142 9250 9392 9142 9107 9357 9535 9714 9678 9857 9357 8571 9071 8642 8392 8964 8678 9321 9571 9607 9392 9214 9392 9250 8428 8571 9500 9642 10107 9321 8750 9107 9178 9428 9500 9107 9178 9321 9678 9428 9464 9535 9571 9250 9571 9142 8928 8142 9285 9178 9321 9571 9035 9071 10035 9857 9857 9892 9607 9642 9607 8857 9357 9321 9392 9428 9464 9500 9464 9500 9428 9250 9500 9392 9500 9535 9571 9321 9428 9250 9785 9250 9392 9464 9892 9750 9214 9142 9285 9428 9392 9357 9535 9607 9428 9142 9571 9500 9107 9392 9571 9357 9142 9214 9392 8928 8928 9357 8857 9250 9178 9214 8857 8607 8857 9107 8964 9285 8892 9071 9035 8857 8857 8964 9285 9000 9214 9535 9285 9464 8857 9214 9000 9000 8892 9535 9535 9250 9107 9642 9142 9642 9500 9321 9142 9035 8964
9800 8423 9678 9428 8500 9076 9000 9392 9625 9708 9916 8916 8916 9727 9384 8291 9428 9464 6791 8500 8500 8625 9458 8625 8791 9541 9291 8791 8500 8916 8666 9666 9416 9583 9750 10000 9625 9458 9916 9708 9791 9666 9583 9708 9291 9125 9625 9708 9333 9958 9250 9541 9166 9833 9291 9291 10000 10000 9708 10125 9958 9750 9583 9583 8916 8666 9000 9791 9583 9500 9416 9333 9416 9000 9250 9541 9583 9625 9125 9625 9208 9041 9625 8625 9250 9583 9250 9333 8875 9708 9458 9125 9791 9333 9208 9041 9166 8041 7750 8333 8708 9000 8458 9041 8583 8916 8958 9750 9416 9250 9416 9750 9125 9000 9541 9541 8958 9125 9916 9583 9458 9791 9583 9083 9083 9541 9666 9583 9000 9375 9125 8916 8416 9875 9750 9083 9958 9500 8791 9125 9416 9333 9250 9416 9791 9791 9541 9208 9166 9041 9166 8875 9000 9375 9500 8750 7875 8291 9500 9625 9500 9750 9416 9500 10083 9250 8583 10000 9541 9458 9750 8666 9333 8791 9041 9208 9166 9250 9708 9583 9166 8958 9208 9000 9000 9000 8958 9333 9000 9250 9166 9041 9333 9208 9041 9041 9208 9375 9166 8750 9458 10250 9333 9375 9708 9208 9458 9750 9458 9583 8583 9041 10375 10416 9250 8625 9416 9750 9000 9916 9458 9083 9250 9541 9125 9583 9458 9750 9541 9750 9791 8250 8666 9750 9208 9416 8875 8958 8583 9375 9625 9541 9083 9708 9416 9541 9541 9625 9833 9708 9750 10041 9958 9750 9750 10375 9625 10208 10041 10291 9541 9000 9083
8733 8692 9250 8821 8769 8384 8538 8821 9916 9791 9541 9791 9791 10136 9307 9083 8928 9000 8500 6846 7038 9000 9615 8961 9115 9576 9461 9153 8500 8500 9346 9153 9423 9769 9538 10076 9653 9692 9538 9500 9576 9461 9923 9500 9269 9807 9500 9538 9538 9423 9461 9076 8730 10192 9461 9423 9346 9423 9307 9230 9846 9730 9653 9692 9346 9153 9576 9153 9500 9884 9769 8615 8961 8884 9423 9769 9692 9846 9153 9653 8884 9000 8346 8538 9038 9038 8653 9346 8961 9076 9230 8807 9153 9807 9538 8653 8192 8884 8653 8538 8538 8538 8269 8653 8769 8461 8653 9269 9038 8692 8961 8923 8961 8923 9153 9384 8961 9000 9269 9115 8192 9000 9153 9153 9076 9500 8961 9038 9538 9423 8846 8961 9076 9769 9692 9269 10000 9500 8923 9115 9230 8692 9192 9307 9884 9076 9192 9230 9115 8923 9307 8576 8692 8884 9538 8615 8500 8576 9461 9307 9423 9307 9153 9153 9923 9000 8961 9961 9153 8923 9692 9307 8961 9576 9269 9115 9076 9000 9384 9307 8923 8923 9038 8730 8923 9000 8923 9269 9346 9230 9500 9384 9576 8961 9500 9192 9500 9269 9307 8923 9846 9538 9192 9038 9615 9000 9153 9346 9576 9538 8961 8884 9884 10000 9038 8923 9230 9192 8961 9307 9192 9192 9384 9423 9230 9192 9192 9423 9115 9423 9269 8923 8923 9153 9192 9384 8692 8500 8846 8884 9000 8769 8807 9230 9230 8961 8961 9000 9384 9346 9346 9500 9346 9038 9038 9615 9038 9846 9653 9576 8769 8576 8615
8900 8653 9214 8785 8730 8346 8500 8821 9875 9750 9500 9791 9791 10090 9269 9083 8928 9000 8500 7038 6884 8961 9576 8807 9115 9576 9423 9153 8461 8653 9346 9000 9269 9730 9500 10076 9615 9653 9500 9461 9576 9423 9884 9461 9230 9807 9500 9500 9500 9384 9423 8923 8692 10153 9307 9269 9307 9384 9307 9192 9846 9653 9500 9538 9307 9115 9576 9346 9346 9846 9615 8576 8923 8884 9384 9730 9538 9846 9000 9615 8846 8961 8307 8500 9000 9000 8615 9346 8923 9115 9192 8769 9115 9884 9500 8615 8192 8730 8615 8500 8500 8500 8346 8615 8730 8423 8730 9230 9000 8884 8923 9115 8884 8884 9115 9384 9000 8961 9461 9192 8153 8961 9115 9000 9076 9461 8923 9000 9461 9346 8807 8923 9076 9730 9653 9230 9961 9461 8884 8961 9192 8884 9038 9307 9846 9038 9153 9192 9076 8923 9153 8653 8653 8846 9500 8576 8461 8576 9423 9269 9384 9269 9115 9115 9884 8961 8961 9923 9115 8923 9653 9269 9153 9615 9461 8961 8923 9000 9576 9269 8884 9115 9000 8923 8769 8961 8769 9230 9423 9192 9538 9461 9538 9115 9538 9153 9692 9230 9269 8884 9807 9500 9038 9230 9461 9192 9000 9384 9538 9384 9153 9076 9846 9961 9000 8884 9192 9153 8807 9384 9153 9153 9346 9346 9230 9038 9038 9269 9076 9384 9384 8923 8884 9115 9038 9230 8653 8461 8807 8846 8961 8730 8807 9192 9192 8961 9038 8961 9230 9192 9192 9461 9192 9000 9000 9576 9000 9846 9653 9538 8730 8576 8576
9400 8538 9285 8714 8538 8384 8461 9428 9625 9625 9583 9125 9041 8727 9538 8958 9428 9535 8625 9000 8961 6583 9458 8666 8833 9625 9208 9125 7750 8458 9125 9583 9625 9458 9416 9666 9458 9416 9333 9458 9250 9375 9625 9416 9500 9125 9125 9083 9166 9500 9375 9500 8458 8916 9750 9708 9666 9291 9791 9666 9625 9708 9791 9791 9250 9000 9666 9583 9708 9208 9500 8791 9375 8708 8416 9250 9166 9291 8916 9250 8916 9208 8916 8000 8500 8666 9083 9458 8333 10000 9166 8708 9833 9375 8875 8916 9166 9000 8958 8750 9250 8958 8750 9000 8291 8625 9208 9708 9375 8291 9458 9833 8708 8083 9375 9375 8750 8458 10000 9208 8916 9458 8875 9375 9375 9291 8833 9291 9333 9500 8916 8708 9250 9416 9125 8791 9458 9458 8000 8958 9125 9125 9166 9166 9958 9458 9541 9375 9291 8541 9250 9083 8708 8833 9125 8333 8125 8833 9083 9250 9166 9291 9166 9000 9416 8458 9000 9500 9291 9666 10041 8541 8458 9541 8708 9416 9375 9875 9166 8583 8416 9000 9166 9250 9208 9208 9375 8750 9125 9208 9375 9166 9000 9083 8625 8500 9791 9250 8666 8666 9583 9458 9625 9541 9291 9583 9958 9666 9708 9875 9625 9750 10125 10208 9458 8875 8916 9041 9375 9458 9583 9000 9208 9166 8791 9166 8958 9750 9250 9416 9916 9041 9125 8833 9083 9541 8375 8916 8916 9041 9000 9375 9083 9125 9416 9333 9541 9125 9916 9875 9875 9708 10000 8875 8875 10083 9125 9875 9291 9916 8583 8916 9000
9566 8961 9321 9250 9192 9461 9346 9607 8750 9125 9125 9750 9791 8954 9807 9708 9571 9678 9458 9615 9576 9458 6933 9700 9533 8400 8633 10100 9600 9633 9933 9966 9766 9266 9266 9666 9566 9800 9566 9633 9700 9333 9166 9533 10133 9633 9633 9600 9700 9566 9566 9733 9900 9300 9566 9733 9633 9666 9766 9933 9533 9633 9633 9633 9533 9333 9966 10233 9900 9666 9666 9100 9100 9400 8233 9100 9066 9100 10333 8233 9333 10000 9333 9433 9200 9666 9566 9233 9000 9833 9300 9166 9500 10400 8166 9300 9733 9766 9400 9200 9400 9300 9500 9066 9133 9233 9166 9100 9133 8900 8933 9066 9400 9100 9100 9366 9100 8766 9266 9266 9200 9266 9266 9866 9800 7766 9300 9166 8533 9033 9566 9300 9333 8366 8333 9433 9700 8500 9266 9333 9100 9566 10000 10166 9766 9466 9366 9100 9266 9600 9966 9433 9166 9100 8133 9533 9300 9433 8233 8433 8166 8933 8733 9466 8333 9166 9066 9700 9833 9966 9833 9733 9700 10000 9933 9666 9633 9300 8666 8966 9300 9533 9600 9533 9500 9500 9766 9366 9900 9833 10100 9933 10100 9766 9933 9666 9800 9933 9700 9633 10100 9800 10133 10133 9433 10033 10066 10066 9966 9900 9766 10000 9133 9133 9733 9200 9233 9400 9300 9166 9366 9066 9066 9433 9333 9600 9400 9633 9133 9166 9533 9333 9233 9333 8633 8366 9000 9300 9133 9233 9166 9100 8900 9233 9033 9300 9466 9266 9133 9233 9300 8266 8366 9266 9366 9633 9533 9600 9266 9466 9133 9600 9466
9866 8692 9250 9607 8923 9230 9038 9250 9583 9958 9958 9375 9416 9272 9230 9166 9321 9321 8625 8961 8807 8666 9700 6954 9363 10090 9636 8727 8545 8454 9909 8818 8363 9636 9227 9727 9818 9363 9272 9090 9000 9318 9500 9227 8909 9227 8954 8772 8772 9318 9000 8727 9045 9363 8454 8227 9818 9818 10318 9909 9863 9500 9545 9545 9818 9590 9636 9681 8545 9363 9090 9136 9000 7681 9045 9227 9000 9363 8454 10000 9727 8545 9409 9000 9136 9045 8863 9363 8727 9681 8954 9500 9363 9454 9272 9000 9409 8772 8954 9000 8727 9000 9409 9318 8909 9045 8318 9363 9000 9136 8954 9318 7681 9090 9363 8772 9090 9318 9136 9590 9227 9272 9772 8136 8363 9636 9590 8909 9272 9363 8772 8863 9181 9863 9727 9818 10090 9909 9409 8863 8954 8500 8545 8272 10545 9272 9090 9636 9454 7863 8363 9500 9500 8954 9909 7863 8727 9545 9681 9681 9636 9727 9590 9181 10000 9136 9545 9772 8590 9181 10454 9545 9545 9681 8909 8363 8318 9545 9454 9545 8681 8409 8863 8318 8136 8363 8090 8818 9000 9318 9045 9045 9045 9090 9000 9318 9136 9545 9363 9272 8772 10272 9409 9545 9454 9318 9227 9818 9000 8727 9136 9409 10227 10181 9500 8545 8545 9727 9227 9954 9500 9454 9500 9636 9590 9454 9454 9500 9227 9409 9500 9090 9636 9545 8909 9272 8590 8681 8772 9590 9409 9545 9454 9818 8681 9681 9454 9409 9272 9045 9045 9636 9954 9545 9500 10136 9727 10409 9818 10363 9590 9000 8909
9866 9230 9142 8785 9423 9384 9423 9464 9791 9791 9791 9500 9541 9863 9576 9208 9464 9571 8791 9115 9115 8833 9533 9363 6642 9642 9750 9928 8607 8892 9071 10000 9714 9785 9642 10428 10000 9785 9607 9892 9892 9464 9785 9678 9892 9571 9892 9892 9892 9714 9892 9892 9321 9964 9750 9785 9857 9821 9714 10071 10285 9928 9928 9964 8821 9107 9785 9642 9785 9857 10107 9214 9321 9285 9357 9785 9714 9821 9857 9357 9214 9964 9357 9142 9571 9035 9000 9785 9357 9214 8928 9071 9428 9750 9357 9250 9178 8535 9357 9464 9357 9357 9321 9464 9142 9071 9071 9607 9321 8857 9321 9321 9357 8857 9392 9357 8107 9000 9428 9285 9214 9142 9000 9821 9821 9178 9392 9392 9428 9035 8642 8857 8928 8821 9035 7821 8535 9678 8785 9500 8892 9035 10000 10142 9214 9142 9392 9285 9750 9428 9964 9285 9035 9071 9250 9178 8928 9285 9464 9607 9464 9464 9428 8928 9178 9535 9285 9428 10000 9678 9321 8928 9250 9821 9714 9785 9750 8821 9571 9178 9142 9285 9142 9642 9607 9571 9821 9178 9464 9500 9607 9500 9678 9428 9857 9500 10142 8857 9464 9607 10178 9928 9000 9357 9964 9964 9535 10000 10035 10250 9607 8964 10035 10107 8964 9428 9250 9750 9392 9535 8714 9392 9535 8392 9321 9178 9464 9035 9392 9607 9428 9535 9142 9607 9285 9750 9142 9142 9107 9107 9714 9178 9178 9571 9107 9714 9714 9750 9500 9500 9500 9607 9857 9607 9535 9214 9785 9321 9250 9178 9392 9535 9321
9600 9384 9357 9392 9346 9269 9346 9464 8958 8833 8583 10041 10000 8681 10230 9958 9464 9571 9541 9576 9576 9625 8400 10090 9642 6766 8433 10133 9833 9700 9600 9833 10100 9433 9400 9566 9333 9533 9100 9066 9133 9333 9266 9666 9866 10033 9600 9600 9666 9666 9766 9833 10133 9100 10166 10166 9900 10033 9500 10000 9733 9766 9966 9966 9966 9933 10033 10133 10166 9466 9400 9433 9700 9766 8700 9266 9300 9300 10333 8800 9666 9966 9266 9600 9333 9666 9400 8833 9700 9700 9500 9533 9333 10233 8666 9733 9800 10033 9433 9366 9600 9700 9333 9233 9400 9433 9566 9833 9700 9333 9766 8800 9866 9300 9733 9466 9333 9333 9600 9133 9133 9500 9266 9866 9900 8633 9666 9500 8933 9300 9733 9600 9433 8933 8166 9166 9466 8266 9000 9533 9600 9533 9866 10433 10000 9466 9666 9833 9166 9633 9966 9366 9500 9466 8700 9633 9600 9800 8166 8666 8166 9166 9166 9733 8833 9300 9400 10000 9966 9733 10066 9733 9533 10433 10033 10033 10000 9133 8733 9133 9666 9633 9666 9866 9866 9866 9800 9033 9500 9766 9700 9533 9833 9700 9733 9666 10100 9966 9800 9900 10466 9933 9900 9666 9333 9966 10033 10200 9900 10166 9900 9966 8633 8600 9500 9633 9666 9700 9466 9500 9500 9200 9200 9266 9100 9533 9333 9566 9600 9366 9266 9033 9266 9633 8933 9000 9233 9400 9233 9533 9766 9633 9200 9500 9366 9466 9566 9666 9233 9200 9233 8833 8633 9566 9666 10000 9500 9100 9400 9466 8900 9666 9466
9533 8884 9464 8857 8846 8961 9038 9250 8833 8666 8750 9708 9750 8000 9692 9333 9321 9392 9291 9461 9423 9208 8633 9636 9750 8433 6846 9615 9346 9346 9846 9307 9692 9230 9230 9076 9076 9692 9153 9230 9307 9115 8769 9307 9807 9769 9230 9076 9384 9000 9500 9500 10000 8384 9692 9884 9807 10076 9692 9923 9500 9615 9846 9846 10038 10038 9576 9538 9769 8807 8576 9500 9538 9307 8230 8346 8153 8461 9884 8576 9807 9730 9730 9192 8884 9461 9500 8615 9423 9807 9653 9653 9384 9769 7961 9500 9653 9576 9153 8961 9384 9500 9076 9192 9346 8769 9500 9730 9730 9192 9692 9846 9307 9423 9576 9923 9576 9346 9615 9615 9576 9769 9692 9576 9576 8653 10000 9615 7884 8653 9384 9269 9384 8961 8038 9538 9653 7884 9076 8461 9423 9230 9500 9923 10346 9730 9576 9923 9115 9500 9615 9346 9653 9653 8461 9269 9461 9307 8038 8230 8230 9076 8769 9500 8807 8846 9307 9692 9615 9846 10346 9807 9730 10000 9730 9538 9500 9730 8692 9615 9269 9192 8961 9269 9346 9346 9269 9576 9153 9423 9384 9192 9692 9461 9423 9230 9846 9576 9384 9500 10192 10230 9615 9384 8692 9307 9769 9961 9692 9846 9192 9576 9038 9269 9615 9115 9769 9923 9346 9346 9884 9500 9500 9576 9423 9307 9076 9807 9500 9230 9538 8846 9500 9807 8230 8538 8769 9269 9269 9884 9769 9692 9692 9923 9500 9500 9538 9653 9230 9192 9423 8653 8653 9769 9884 10384 9230 10000 9961 9923 9076 8961 9346
10100 9461 9857 9714 9230 9230 9307 10035 9791 9750 9750 9458 9458 9454 9923 8791 10142 10142 8791 9153 9153 9125 10100 8727 9928 10133 9615 7000 8500 8900 9200 9600 9800 9650 9950 9500 9600 9550 10000 9500 9750 9850 9750 9950 9600 9600 9250 9500 9500 10300 9750 9650 9550 9500 9850 9600 10600 10600 10000 10500 10000 10550 10350 10350 10100 9800 9650 9850 10000 10050 9900 9800 10300 9150 9700 8750 8650 8850 8300 10300 10000 9100 10050 9300 9700 9900 9750 9850 9650 9950 10300 9750 10000 8400 9800 10150 10050 9150 9300 9700 9600 10000 9400 9700 8950 9450 9750 10700 10200 9750 10150 10650 9150 9800 10500 10600 10000 9750 10400 10700 9850 10450 9950 8600 8700 9800 10150 10000 9450 9900 9550 9350 9100 10450 9900 10050 10850 9650 9750 9050 10150 9400 8600 8700 10200 10150 10150 9750 9900 9100 8700 9750 9750 9900 10150 9400 9000 8650 9900 10150 9750 10350 9600 10250 10350 9700 8950 10300 9700 9850 10150 9250 9750 8350 9200 9250 9200 10700 10150 10550 9300 8200 9600 8750 9000 9100 8900 9900 9400 9750 9700 9450 9850 9350 9500 9600 9450 10100 9850 9900 9700 10950 10100 9900 10300 9650 9700 10550 9900 9650 9150 9750 10800 10700 10300 8550 10200 10700 9250 10400 10300 10350 10500 10450 10150 10200 9950 10550 10100 10150 10300 8750 9900 10650 10000 10250 9650 9550 9150 10450 10350 10500 9950 10900 10300 10550 10500 10350 10800 10550 10600 10350 10350 10500 10500 11150 10350 10750 10600 10800 9650 9250 9650
9700 8692 9357 8892 8730 8769 8615 9607 9458 9500 9541 8875 8791 9272 9192 8666 9464 9678 8500 8500 8461 7750 9600 8545 8607 9833 9346 8500 6833 8291 9083 9666 9583 9291 9541 10083 9333 9250 9500 9500 9541 9541 9458 9541 9083 8875 9208 9416 9375 9333 9125 9541 8166 9416 9250 9333 9541 9166 9875 9958 9916 9583 9500 9500 9125 8875 9666 9458 9750 9500 9791 8875 8916 8500 8541 9458 9375 9500 8708 9083 8375 9208 8541 8416 9000 9000 8750 9875 8541 9916 9083 8083 9875 9541 9208 8583 9291 8750 9041 8958 9125 8750 9083 9000 8333 8708 8750 9250 9000 8375 9000 9791 8500 8208 9416 9208 8666 8875 9916 9125 8375 9041 9083 9125 9125 9166 8583 9166 9333 9750 8916 8625 9125 9500 9458 8750 9708 9541 8375 8958 9083 8958 9208 9375 9541 9041 9000 8833 9291 8333 8958 8541 8166 9041 8958 8416 8291 8625 9375 9541 9375 9416 9208 8791 9791 8958 9000 9541 9416 9666 9958 8583 8625 9083 8958 9333 9291 9583 9250 8916 8458 9041 9000 9166 9125 9125 9125 8916 9083 8958 9250 9125 8875 8791 9125 8791 9583 9041 8875 8875 9250 9541 9458 9500 9708 9291 9708 9833 9500 9750 9000 9208 10208 10333 9250 8125 8833 9083 8958 9791 9166 9083 9291 8916 9125 9416 9208 9125 9125 9458 9583 8916 8958 8750 9041 9375 8458 8541 8708 8666 9291 9125 8583 9333 9375 9250 9333 9333 9625 9625 9750 9666 9958 8916 8916 9583 9458 10250 9541 10250 9041 8791 8541
