[1] "Corrected RAND:"
[1] 0.1166143
[1] "Statictics for real clustering:"
$n
[1] 263

$cluster.number
[1] 8

$cluster.size
[1]   1   4   2  64 103  41   2  46

$min.cluster.size
[1] 1

$noisen
[1] 0

$diameter
[1] NA  0  0  0  0  0  0  0

$average.distance
[1] NaN   0   0   0   0   0   0   0

$median.distance
[1] NA  0  0  0  0  0  0  0

$separation
[1] 1 1 1 1 1 1 1 1

$average.toother
[1] 1 1 1 1 1 1 1 1

$separation.matrix
     [,1] [,2] [,3] [,4] [,5] [,6] [,7] [,8]
[1,]    0    1    1    1    1    1    1    1
[2,]    1    0    1    1    1    1    1    1
[3,]    1    1    0    1    1    1    1    1
[4,]    1    1    1    0    1    1    1    1
[5,]    1    1    1    1    0    1    1    1
[6,]    1    1    1    1    1    0    1    1
[7,]    1    1    1    1    1    1    0    1
[8,]    1    1    1    1    1    1    1    0

$ave.between.matrix
     [,1] [,2] [,3] [,4] [,5] [,6] [,7] [,8]
[1,]    0    1    1    1    1    1    1    1
[2,]    1    0    1    1    1    1    1    1
[3,]    1    1    0    1    1    1    1    1
[4,]    1    1    1    0    1    1    1    1
[5,]    1    1    1    1    0    1    1    1
[6,]    1    1    1    1    1    0    1    1
[7,]    1    1    1    1    1    1    0    1
[8,]    1    1    1    1    1    1    1    0

$average.between
[1] 1

$average.within
[1] 0

$n.between
[1] 25321

$n.within
[1] 9132

$max.diameter
[1] 0

$min.separation
[1] 1

$within.cluster.ss
[1] 0

$clus.avg.silwidths
1 2 3 4 5 6 7 8 
0 1 1 1 1 1 1 1 

$avg.silwidth
[1] 0.9961977

$g2
NULL

$g3
NULL

$pearsongamma
[1] 1

$dunn
[1] Inf

$dunn2
[1] Inf

$entropy
[1] 1.464788

$wb.ratio
[1] 0

$ch
[1] Inf

$cwidegap
[1] 0 0 0 0 0 0 0 0

$widestgap
[1] 0

$sindex
[1] 1

$corrected.rand
NULL

$vi
NULL

[1] "Statictics for teoretical clustering:"
$n
[1] 263

$cluster.number
[1] 8

$cluster.size
[1] 86 24 54 25 24 26 13 11

$min.cluster.size
[1] 11

$noisen
[1] 0

$diameter
[1] 1673 1702 1733 1604 1442 1466 1483 1415

$average.distance
[1] 1061.9196 1120.7717 1081.3026  837.1200  928.5616  863.1785 1032.9744
[8]  816.7455

$median.distance
[1] 1066.0 1139.0 1104.0  923.0 1000.0  871.0 1041.5  800.0

$separation
[1] 428 445 428 641 593 516 615 522

$average.toother
[1] 1334.947 1366.736 1377.747 1496.125 1365.343 1366.359 1408.548 1340.631

$separation.matrix
     [,1] [,2] [,3] [,4] [,5] [,6] [,7] [,8]
[1,]    0  445  428  975  593  516  666  593
[2,]  445    0  714  890  641  801  833  593
[3,]  428  714    0  641  741  690  857  615
[4,]  975  890  641    0  923  833 1148 1121
[5,]  593  641  741  923    0  649  615  593
[6,]  516  801  690  833  649    0  961  522
[7,]  666  833  857 1148  615  961    0  890
[8,]  593  593  615 1121  593  522  890    0

$ave.between.matrix
         [,1]     [,2]     [,3]     [,4]     [,5]     [,6]     [,7]     [,8]
[1,]    0.000 1300.408 1317.329 1555.337 1296.831 1284.315 1315.536 1221.680
[2,] 1300.408    0.000 1393.733 1468.502 1347.800 1415.215 1442.721 1358.405
[3,] 1317.329 1393.733    0.000 1409.099 1451.941 1426.214 1398.446 1443.071
[4,] 1555.337 1468.502 1409.099    0.000 1405.458 1501.897 1610.378 1569.840
[5,] 1296.831 1347.800 1451.941 1405.458    0.000 1355.375 1411.782 1391.655
[6,] 1284.315 1415.215 1426.214 1501.897 1355.375    0.000 1488.166 1179.332
[7,] 1315.536 1442.721 1398.446 1610.378 1411.782 1488.166    0.000 1456.818
[8,] 1221.680 1358.405 1443.071 1569.840 1391.655 1179.332 1456.818    0.000

$average.between
[1] 1374.995

$average.within
[1] 1039.937

$n.between
[1] 28057

$n.within
[1] 6396

$max.diameter
[1] 1733

$min.separation
[1] 428

$within.cluster.ss
[1] 140468911

$clus.avg.silwidths
         1          2          3          4          5          6          7 
0.05874639 0.04611460 0.12873747 0.37199941 0.23246880 0.21487226 0.17649932 
         8 
0.28338777 

$avg.silwidth
[1] 0.148245

$g2
NULL

$g3
NULL

$pearsongamma
[1] 0.4699138

$dunn
[1] 0.2469706

$dunn2
[1] 1.05225

$entropy
[1] 1.861397

$wb.ratio
[1] 0.7563207

$ch
[1] 24.73246

$cwidegap
[1]  803 1142  923 1115  961  811  970  954

$widestgap
[1] 1142

$sindex
[1] 536.7308

$corrected.rand
NULL

$vi
NULL

