[1] "Corrected RAND:"
[1] 0.1231848
[1] "Statictics for real clustering:"
$n
[1] 263

$cluster.number
[1] 8

$cluster.size
[1]   1   4   2  64 103  41   2  46

$min.cluster.size
[1] 1

$noisen
[1] 0

$diameter
[1] NA  0  0  0  0  0  0  0

$average.distance
[1] NaN   0   0   0   0   0   0   0

$median.distance
[1] NA  0  0  0  0  0  0  0

$separation
[1] 1 1 1 1 1 1 1 1

$average.toother
[1] 1 1 1 1 1 1 1 1

$separation.matrix
     [,1] [,2] [,3] [,4] [,5] [,6] [,7] [,8]
[1,]    0    1    1    1    1    1    1    1
[2,]    1    0    1    1    1    1    1    1
[3,]    1    1    0    1    1    1    1    1
[4,]    1    1    1    0    1    1    1    1
[5,]    1    1    1    1    0    1    1    1
[6,]    1    1    1    1    1    0    1    1
[7,]    1    1    1    1    1    1    0    1
[8,]    1    1    1    1    1    1    1    0

$ave.between.matrix
     [,1] [,2] [,3] [,4] [,5] [,6] [,7] [,8]
[1,]    0    1    1    1    1    1    1    1
[2,]    1    0    1    1    1    1    1    1
[3,]    1    1    0    1    1    1    1    1
[4,]    1    1    1    0    1    1    1    1
[5,]    1    1    1    1    0    1    1    1
[6,]    1    1    1    1    1    0    1    1
[7,]    1    1    1    1    1    1    0    1
[8,]    1    1    1    1    1    1    1    0

$average.between
[1] 1

$average.within
[1] 0

$n.between
[1] 25321

$n.within
[1] 9132

$max.diameter
[1] 0

$min.separation
[1] 1

$within.cluster.ss
[1] 0

$clus.avg.silwidths
1 2 3 4 5 6 7 8 
0 1 1 1 1 1 1 1 

$avg.silwidth
[1] 0.9961977

$g2
NULL

$g3
NULL

$pearsongamma
[1] 1

$dunn
[1] Inf

$dunn2
[1] Inf

$entropy
[1] 1.464788

$wb.ratio
[1] 0

$ch
[1] Inf

$cwidegap
[1] 0 0 0 0 0 0 0 0

$widestgap
[1] 0

$sindex
[1] 1

$corrected.rand
NULL

$vi
NULL

[1] "Statictics for teoretical clustering:"
$n
[1] 263

$cluster.number
[1] 8

$cluster.size
[1] 71 64 40 22 37 15  7  7

$min.cluster.size
[1] 7

$noisen
[1] 0

$diameter
[1]  9892 10192  9821  9333  9916  9700  9857  9638

$average.distance
[1] 8775.970 8849.940 8806.900 8048.351 8582.036 8828.733 9019.381 8698.524

$median.distance
[1] 8785 8923 8933 8153 8590 9000 9142 8535

$separation
[1] 7769 7461 7461 7818 7818 7636 8307 7923

$average.toother
[1] 9335.259 9315.954 9181.129 9500.951 9469.286 9577.393 9606.783 9420.738

$separation.matrix
     [,1] [,2] [,3] [,4] [,5] [,6] [,7] [,8]
[1,]    0 7769 7833 8307 8357 7875 8642 7923
[2,] 7769    0 7461 8375 8250 7636 8461 7923
[3,] 7833 7461    0 8153 7821 8454 8538 8153
[4,] 8307 8375 8153    0 7818 8576 8384 8884
[5,] 8357 8250 7821 7818    0 8500 8583 8433
[6,] 7875 7636 8454 8576 8500    0 8500 8458
[7,] 8642 8461 8538 8384 8583 8500    0 8307
[8,] 7923 7923 8153 8884 8433 8458 8307    0

$ave.between.matrix
         [,1]     [,2]     [,3]     [,4]     [,5]     [,6]     [,7]     [,8]
[1,]    0.000 9267.843 8927.997 9725.943 9469.496 9704.885 9662.193 9222.459
[2,] 9267.843    0.000 9133.058 9333.332 9518.353 9266.249 9550.087 9596.975
[3,] 8927.997 9133.058    0.000 9519.126 9334.549 9547.422 9556.600 9154.521
[4,] 9725.943 9333.332 9519.126    0.000 9261.283 9639.770 9384.753 9733.084
[5,] 9469.496 9518.353 9334.549 9261.283    0.000 9787.895 9753.795 9474.934
[6,] 9704.885 9266.249 9547.422 9639.770 9787.895    0.000 9806.810 9762.162
[7,] 9662.193 9550.087 9556.600 9384.753 9753.795 9806.810    0.000 9342.020
[8,] 9222.459 9596.975 9154.521 9733.084 9474.934 9762.162 9342.020    0.000

$average.between
[1] 9369.371

$average.within
[1] 8757.794

$n.between
[1] 28128

$n.within
[1] 6325

$max.diameter
[1] 10192

$min.separation
[1] 7461

$within.cluster.ss
[1] 9733045671

$clus.avg.silwidths
         1          2          3          4          5          6          7 
0.01443467 0.01595521 0.01068494 0.11583995 0.06166616 0.04162658 0.01765107 
         8 
0.04195879 

$avg.silwidth
[1] 0.03173075

$g2
NULL

$g3
NULL

$pearsongamma
[1] 0.4311809

$dunn
[1] 0.7320447

$dunn2
[1] 0.9898681

$entropy
[1] 1.823696

$wb.ratio
[1] 0.9347259

$ch
[1] 5.735218

$cwidegap
[1] 8357 8769 9033 8041 8166 8423 9076 8928

$widestgap
[1] 9076

$sindex
[1] 7698.846

$corrected.rand
NULL

$vi
NULL

